InputFiles/arrivaltime.asc
ncols        200
nrows        200
xllcorner    0.000000000000
yllcorner    0.000000000000
cellsize     30.000000000000
NODATA_value  -9999
[rows 96 to 119 of 200, columns 55 to 109 of 200]
-9999 -9999 -9999 -9999 -9999 -9999 -9999 -9999 -9999 -9999 -9999 -9999 -9999 -9999 -9999 -9999 -9999 -9999 -9999 -9999 -9999 -9999 -9999 -9999 -9999 -9999 -9999 -9999 -9999 -9999 -9999 -9999 -9999 -9999 -9999 -9999 -9999 -9999 -9999 -9999 -9999 1356.1573486328125 996.2606201171875 602.00347900390625 0 0 71.4403533935546875 103.61600494384765625 139.8229217529296875 180.1206207275390625 220.5264892578125 261.12506103515625 301.46575927734375 341.678497314453125 381.833587646484375
-9999 -9999 -9999 -9999 -9999 -9999 -9999 -9999 -9999 -9999 -9999 -9999 -9999 -9999 -9999 -9999 -9999 -9999 -9999 -9999 -9999 -9999 -9999 -9999 -9999 -9999 -9999 -9999 1426.20654296875 1387.7821044921875 1351.5723876953125 1335.8677978515625 1333.0673828125 1315.27783203125 1268.6982421875 1234.711669921875 1215.5657958984375 1197.1058349609375 1163.6697998046875 1136.298095703125 1117.1640625 1104.1748046875 722.920654296875 0 0 0 36.349910736083984375 75.0690765380859375 114.0630340576171875 153.5030670166015625 193.9016265869140625 235.3416595458984375 276.270355224609375 317.673492431640625 358.41253662109375
-9999 -9999 -9999 -9999 -9999 -9999 -9999 -9999 -9999 -9999 -9999 -9999 -9999 1434.276123046875 1430.1165771484375 1424.022216796875 1374.455810546875 1324.521728515625 1293.625244140625 1280.088134765625 1226.1258544921875 1187.889892578125 1203.3004150390625 1148.68896484375 1112.869140625 1080.6556396484375 1065.38916015625 1050.7620849609375 1033.423095703125 1000.80078125 967.8680419921875 957.65802001953125 961.81982421875 926.25946044921875 884.37542724609375 850.32843017578125 838.11383056640625 811.882568359375 778.3316650390625 750.52496337890625 727.851318359375 727.1236572265625 444.34429931640625 0 0 0 0 53.0654296875 93.29483795166015625 132.15966796875 172.7317352294921875 212.29248046875 257.90386962890625 298.82647705078125 341.3892822265625
1357.7833251953125 1322.90576171875 1291.7662353515625 1288.1011962890625 1270.561767578125 1243.0386962890625 1231.4373779296875 1163.033203125 1123.776611328125 1108.8468017578125 1098.330810546875 1049.2572021484375 1029.00439453125 1017.26177978515625 1014.05255126953125 1004.7977294921875 943.46929931640625 901.2781982421875 870.5947265625 862.8038330078125 817.0283203125 817.326171875 820.427734375 759.52581787109375 718.28558349609375 682.073486328125 662.319091796875 643.49505615234375 615.5914306640625 576.46234130859375 548.25091552734375 537.826171875 547.982421875 494.756622314453125 455.854766845703125 423.494171142578125 415.356292724609375 380.568817138671875 347.157623291015625 321.018890380859375 301.70587158203125 303.69036865234375 0 0 0 0 0 42.610828399658203125 75.34171295166015625 121.34220123291015625 160.2411956787109375 215.665191650390625 245.3288421630859375 299.479248046875 339.305206298828125
1164.1783447265625 1141.3062744140625 1112.7066650390625 1090.9073486328125 1063.989990234375 1034.3218994140625 1012.38970947265625 991.01861572265625 957.4119873046875 932.0076904296875 911.62188720703125 883.48748779296875 858.8243408203125 826.4600830078125 805.685546875 781.05157470703125 749.53045654296875 723.3848876953125 696.18609619140625 671.28106689453125 641.692138671875 616.4658203125 593.114013671875 559.22271728515625 536.5657958984375 512.67803955078125 483.643951416015625 454.141204833984375 423.4365234375 396.938690185546875 365.76654052734375 342.47247314453125 320.069580078125 284.986968994140625 258.678863525390625 222.056976318359375 197.31890869140625 176.0576324462890625 146.438385009765625 122.7073211669921875 85.90262603759765625 63.58028411865234375 0 0 0 0 0 52.29567718505859375 93.5322723388671875 134.1959228515625 178.7025604248046875 232.7738494873046875 265.839599609375 309.787322998046875 358.64874267578125
1143.877197265625 1118.574951171875 1093.111328125 1067.466796875 1042.0712890625 1016.31207275390625 990.542724609375 964.79986572265625 939.109619140625 913.008544921875 886.9093017578125 860.83050537109375 834.83123779296875 808.6163330078125 782.002197265625 755.2977294921875 728.60382080078125 701.6439208984375 675.1783447265625 648.3758544921875 621.5723876953125 594.78521728515625 568.17498779296875 541.0738525390625 513.54351806640625 485.986541748046875 458.307769775390625 430.698150634765625 403.005615234375 375.1431884765625 346.64739990234375 317.96038818359375 289.222259521484375 260.522552490234375 231.9696502685546875 204.08355712890625 176.386505126953125 149.0592193603515625 122.19597625732421875 95.883026123046875 69.58355712890625 41.990062713623046875 16.621551513671875 0 0 0 70.51793670654296875 104.96799468994140625 139.022064208984375 181.762115478515625 226.66607666015625 274.773590087890625 317.663604736328125 359.671966552734375 402.543609619140625
1128.6783447265625 1102.926513671875 1077.2462158203125 1051.5909423828125 1025.91552734375 1000.220947265625 974.47210693359375 948.663818359375 922.794921875 896.89874267578125 870.9644775390625 844.98699951171875 818.92840576171875 792.7479248046875 766.445556640625 739.96392822265625 713.29266357421875 686.43115234375 659.33160400390625 632.0107421875 605.00543212890625 578.28851318359375 551.4267578125 524.4349365234375 497.290802001953125 469.88275146484375 442.21319580078125 414.26007080078125 386.1663818359375 358.0069580078125 329.783203125 301.411712646484375 272.976959228515625 244.3477325439453125 216.11151123046875 188.756317138671875 162.034454345703125 135.628143310546875 108.9339141845703125 82.0023956298828125 59.797237396240234375 38.5661163330078125 19.176858901977539062 10.639394760131835938 0 38.684619903564453125 114.6131134033203125 156.6842803955078125 187.1192779541015625 229.665435791015625 272.99432373046875 320.45501708984375 366.96514892578125 407.34918212890625 450.604248046875
1114.3570556640625 1088.693115234375 1063.06005859375 1037.42529296875 1011.77728271484375 986.0709228515625 960.30035400390625 934.4605712890625 908.58074951171875 882.656494140625 856.68890380859375 830.6611328125 804.5218505859375 778.25677490234375 751.82611083984375 725.20294189453125 698.4505615234375 671.58648681640625 644.54638671875 617.339111328125 590.43377685546875 563.77001953125 536.96728515625 510.019317626953125 482.89923095703125 455.539306640625 427.88970947265625 400.030548095703125 372.127685546875 344.171417236328125 316.151031494140625 288.068084716796875 259.804229736328125 231.4834136962890625 203.9287567138671875 176.740814208984375 149.7000274658203125 125.554443359375 102.7655029296875 80.66912841796875 59.073146820068359375 38.742504119873046875 26.186281204223632812 17.830596923828125 12.380635261535644531 42.26607513427734375 124.47844696044921875 209.1605377197265625 240.2654571533203125 277.92498779296875 321.009307861328125 365.999847412109375 413.646453857421875 455.954254150390625 497.643890380859375
1100.595458984375 1075.051025390625 1049.5245361328125 1023.99786376953125 998.43597412109375 972.8133544921875 947.12677001953125 921.390380859375 895.61456298828125 869.79876708984375 843.943115234375 818.00933837890625 791.96124267578125 765.78424072265625 739.43994140625 712.9122314453125 686.17913818359375 659.2509765625 632.16436767578125 604.9285888671875 578.041748046875 551.34613037109375 524.55096435546875 497.6033935546875 470.46533203125 443.0433349609375 415.28936767578125 387.442657470703125 359.645172119140625 331.9454345703125 304.1983642578125 276.23681640625 247.9407806396484375 219.70245361328125 193.5337066650390625 169.418792724609375 145.9798583984375 123.12479400634765625 100.90172576904296875 79.46561431884765625 60.096866607666015625 43.079616546630859375 32.991847991943359375 25.253465652465820312 24.04706573486328125 50.222263336181640625 131.5804290771484375 215.1598663330078125 294.669586181640625 326.181732177734375 368.876800537109375 411.912078857421875 458.928131103515625 504.67950439453125 544.29779052734375
1088.557373046875 1063.0380859375 1037.52001953125 1011.99200439453125 986.41046142578125 960.76947021484375 935.08001708984375 909.37969970703125 883.6336669921875 857.843505859375 831.996826171875 806.041259765625 779.962646484375 753.722412109375 727.32989501953125 700.81439208984375 674.1175537109375 647.22503662109375 620.1732177734375 592.9364013671875 566.03155517578125 539.31500244140625 512.5511474609375 485.76544189453125 458.761474609375 431.458160400390625 403.91131591796875 376.30535888671875 348.6993408203125 321.0377197265625 293.12091064453125 265.43841552734375 239.5419464111328125 214.348358154296875 189.924072265625 166.1731109619140625 143.32891845703125 121.25081634521484375 99.804107666015625 80.63787841796875 61.712566375732421875 49.823749542236328125 39.69304656982421875 33.206386566162109375 36.937046051025390625 56.0323638916015625 139.2595672607421875 223.5334625244140625 309.1126708984375 385.9307861328125 417.338226318359375 459.51055908203125 503.769073486328125 550.45330810546875 591.4609375
1076.665771484375 1051.193359375 1025.7193603515625 1000.21185302734375 974.6424560546875 949.01544189453125 923.33990478515625 897.64874267578125 871.979736328125 846.26641845703125 820.4747314453125 794.56610107421875 768.52239990234375 742.310302734375 715.90570068359375 689.31512451171875 662.520751953125 635.79205322265625 608.9180908203125 581.8369140625 555.09405517578125 528.55859375 501.87481689453125 475.02069091796875 448.117462158203125 420.90972900390625 393.483184814453125 365.91583251953125 338.178955078125 312.398590087890625 286.618377685546875 260.890106201171875 235.291961669921875 210.5358123779296875 186.7380218505859375 163.61419677734375 141.75592041015625 120.22412109375 101.13181304931640625 82.79705810546875 67.07006072998046875 56.319553375244140625 46.709259033203125 41.291393280029296875 43.96974945068359375 61.02484893798828125 144.0560760498046875 229.6113739013671875 316.038909912109375 402.2900390625 466.668060302734375 506.623443603515625 548.8123779296875 594.60382080078125 639.27105712890625
1065.08740234375 1039.706298828125 1014.31793212890625 988.8763427734375 963.37579345703125 937.82464599609375 912.228759765625 886.5838623046875 860.89404296875 835.15423583984375 809.309814453125 783.4364013671875 757.54620361328125 731.4815673828125 705.2374267578125 678.80987548828125 652.193603515625 625.41839599609375 598.4796142578125 571.39581298828125 544.8311767578125 518.466796875 491.947113037109375 465.25433349609375 438.247772216796875 410.841888427734375 384.54229736328125 358.792572021484375 333.114715576171875 307.57763671875 281.965911865234375 256.732879638671875 231.5760955810546875 207.6296234130859375 184.394866943359375 162.481597900390625 140.803619384765625 121.68804168701171875 103.19988250732421875 85.35918426513671875 73.5091705322265625 62.975589752197265625 54.374187469482421875 49.20298004150390625 50.013317108154296875 67.96735382080078125 149.7370758056640625 235.0243377685546875 320.939788818359375 406.84918212890625 492.21148681640625 555.847412109375 595.26580810546875 638.43084716796875 684.1815185546875
1054.1326904296875 1028.7666015625 1003.37078857421875 977.91168212890625 952.3902587890625 926.81634521484375 901.38134765625 875.92156982421875 850.42401123046875 824.8641357421875 799.19696044921875 773.41680908203125 747.47979736328125 721.35382080078125 695.03363037109375 668.67529296875 642.218017578125 615.60809326171875 588.81500244140625 561.8076171875 535.38385009765625 509.04437255859375 482.484039306640625 456.307525634765625 430.6728515625 404.9658203125 379.281951904296875 353.7679443359375 328.315155029296875 303.203399658203125 278.1199951171875 253.4139404296875 228.9197845458984375 205.688079833984375 183.4543914794921875 161.7101593017578125 142.3643341064453125 123.53989410400390625 105.970367431640625 91.0841064453125 79.79236602783203125 69.6956024169921875 61.9070892333984375 57.084808349609375 56.729816436767578125 78.652130126953125 159.35894775390625 242.029144287109375 326.844879150390625 412.320831298828125 497.033935546875 582.4339599609375 641.6175537109375 682.7044677734375 727.36468505859375
1043.3145751953125 1018.1295166015625 992.89752197265625 967.608642578125 942.26776123046875 916.8828125 891.45758056640625 866.0211181640625 840.53741455078125 814.95855712890625 789.26129150390625 763.5869140625 737.78790283203125 711.80194091796875 685.64178466796875 659.29498291015625 632.9508056640625 606.51446533203125 579.84613037109375 552.900634765625 526.4254150390625 501.335205078125 476.159423828125 450.85064697265625 425.27313232421875 399.80548095703125 374.45416259765625 349.309173583984375 324.386505126953125 299.632049560546875 275.2569580078125 250.723388671875 227.366546630859375 204.752227783203125 182.926300048828125 163.26080322265625 143.9895172119140625 126.3508453369140625 109.0310211181640625 97.2849884033203125 86.063140869140625 76.45908355712890625 69.45534515380859375 64.8707122802734375 62.348541259765625 92.89804840087890625 170.383697509765625 253.2821502685546875 336.331085205078125 419.037384033203125 502.882843017578125 586.22119140625 668.49725341796875 729.49603271484375 770.12396240234375
1033.4554443359375 1008.2608642578125 983.041259765625 957.7745361328125 932.45526123046875 907.0875244140625 881.67291259765625 856.38641357421875 831.0721435546875 805.65399169921875 780.118896484375 754.4310302734375 728.62408447265625 702.81787109375 676.83624267578125 650.67486572265625 624.35009765625 597.809326171875 571.9693603515625 546.1697998046875 520.821533203125 495.827056884765625 470.747711181640625 445.6134033203125 420.425079345703125 395.2579345703125 370.4227294921875 345.539459228515625 321.245941162109375 296.985748291015625 272.960357666015625 249.5714569091796875 226.4650726318359375 204.421875 184.4085540771484375 164.808868408203125 146.811798095703125 129.5926971435546875 115.17101287841796875 103.4346771240234375 92.68841552734375 83.2604522705078125 77.0032806396484375 72.64165496826171875 69.06613922119140625 110.83184814453125 188.2404022216796875 265.94427490234375 347.5546875 430.150115966796875 511.910003662109375 592.5728759765625 674.21026611328125 756.83172607421875 815.56719970703125
1023.746337890625 998.57373046875 973.34112548828125 948.23358154296875 923.089111328125 897.8995361328125 872.66717529296875 847.3927001953125 822.04498291015625 796.77264404296875 771.4208984375 745.9107666015625 720.25018310546875 694.4407958984375 668.4139404296875 642.60400390625 617.29638671875 591.89080810546875 566.30242919921875 540.63238525390625 515.4569091796875 490.678192138671875 465.9521484375 440.994842529296875 416.295257568359375 391.503662109375 366.99774169921875 342.8265380859375 318.61322021484375 295.122039794921875 271.854949951171875 248.7386932373046875 226.2984466552734375 205.86572265625 186.0015716552734375 167.4993133544921875 149.9851531982421875 133.273162841796875 121.21160125732421875 109.6838226318359375 99.4803009033203125 90.09195709228515625 84.5453643798828125 80.35875701904296875 77.1826171875 116.60170745849609375 201.928192138671875 285.71783447265625 363.250732421875 441.5078125 522.96697998046875 603.21844482421875 682.751220703125 761.1412353515625 842.30596923828125
1014.48175048828125 989.474609375 964.4127197265625 939.29730224609375 914.13629150390625 889.0185546875 863.99517822265625 838.9295654296875 813.7738037109375 788.5634765625 763.25506591796875 737.75555419921875 712.06719970703125 687.14959716796875 662.09417724609375 636.9415283203125 611.6435546875 586.397705078125 561.0689697265625 535.57196044921875 510.71539306640625 486.13116455078125 461.771759033203125 437.274200439453125 412.606353759765625 388.499237060546875 364.388671875 340.301055908203125 317.1658935546875 294.0487060546875 271.1292724609375 248.722747802734375 227.734771728515625 207.492431640625 188.4598541259765625 170.478179931640625 153.46551513671875 139.3271636962890625 127.186798095703125 115.94785308837890625 106.2723388671875 97.31683349609375 92.07192230224609375 87.9535064697265625 85.1637420654296875 111.98258209228515625 200.343017578125 290.9140625 380.42864990234375 459.9617919921875 536.153076171875 614.4122314453125 693.45263671875 771.3555908203125 848.025146484375
1005.6075439453125 980.58245849609375 955.698974609375 930.7879638671875 905.835693359375 880.8414306640625 855.896728515625 830.92535400390625 805.83514404296875 780.610107421875 755.76007080078125 731.11407470703125 706.33062744140625 681.4559326171875 656.43609619140625 631.472412109375 606.4942626953125 581.40948486328125 556.2659912109375 530.8731689453125 506.479034423828125 482.377655029296875 458.084991455078125 434.0098876953125 409.954132080078125 385.93402099609375 362.276641845703125 339.1593017578125 316.181549072265625 293.40179443359375 271.253143310546875 250.15032958984375 229.392852783203125 209.74932861328125 191.3244476318359375 174.0645904541015625 157.7776947021484375 145.3398284912109375 133.37310791015625 122.47022247314453125 113.15679931640625 104.93133544921875 99.60791015625 95.56099700927734375 94.8712158203125 110.741912841796875 198.087310791015625 287.195648193359375 375.846527099609375 465.43829345703125 555.7073974609375 630.68719482421875 704.66961669921875 782.20880126953125 858.1279296875
997.25927734375 972.4288330078125 947.54949951171875 922.75054931640625 897.92535400390625 873.04486083984375 848.10552978515625 823.24163818359375 798.94140625 774.54840087890625 750.036376953125 725.459228515625 700.74298095703125 676.071533203125 651.34088134765625 626.52447509765625 601.75311279296875 576.79193115234375 551.81494140625 527.0189208984375 502.846832275390625 478.91302490234375 455.243194580078125 431.411712646484375 407.455108642578125 384.189178466796875 361.11492919921875 338.273406982421875 315.568328857421875 293.65386962890625 272.6448974609375 251.8154449462890625 231.4680633544921875 212.6572723388671875 194.827667236328125 177.766326904296875 163.749481201171875 151.310089111328125 139.69793701171875 129.2932586669921875 120.09326171875 112.4753265380859375 107.1544342041015625 103.35809326171875 103.98925018310546875 119.29657745361328125 202.2367401123046875 286.597808837890625 374.803741455078125 463.042327880859375 549.89080810546875 635.58782958984375 724.28802490234375 795.72882080078125 869.08843994140625
989.281005859375 964.58160400390625 939.838134765625 915.04144287109375 890.1920166015625 865.89935302734375 841.74566650390625 817.5299072265625 793.2294921875 768.9520263671875 744.5303955078125 720.16302490234375 695.72509765625 671.15374755859375 646.630859375 621.9747314453125 597.2493896484375 572.847900390625 548.26220703125 523.43359375 499.78155517578125 476.28692626953125 452.738433837890625 429.056915283203125 406.05926513671875 383.02362060546875 360.330413818359375 337.683685302734375 315.940032958984375 295.012298583984375 274.271575927734375 253.6923370361328125 234.42822265625 215.952117919921875 198.6138458251953125 182.6103057861328125 169.6847686767578125 157.3029937744140625 146.0414276123046875 136.1297454833984375 127.05664825439453125 120.027557373046875 114.73644256591796875 111.24599456787109375 110.18206787109375 128.9940338134765625 211.38299560546875 295.74188232421875 379.7841796875 463.618804931640625 549.01513671875 634.6531982421875 719.13970947265625 801.99664306640625 883.58551025390625
981.65789794921875 956.96051025390625 932.50933837890625 908.41717529296875 884.3018798828125 860.18377685546875 836.06134033203125 811.98980712890625 787.81201171875 763.736328125 739.581787109375 715.283447265625 691.05194091796875 666.65435791015625 642.10223388671875 617.94793701171875 593.7130126953125 569.354736328125 545.05731201171875 520.89788818359375 497.227874755859375 473.87261962890625 450.744964599609375 427.88800048828125 404.91009521484375 382.3509521484375 359.77978515625 338.1934814453125 317.26995849609375 296.592132568359375 276.063629150390625 256.693634033203125 237.5289154052734375 219.6417388916015625 202.615875244140625 188.5422210693359375 175.7088165283203125 163.6974334716796875 152.5362091064453125 142.9819793701171875 134.059478759765625 127.5760955810546875 122.364044189453125 119.0859222412109375 116.8560028076171875 144.127532958984375 223.8808135986328125 304.882568359375 388.82696533203125 472.234832763671875 554.72613525390625 636.24908447265625 718.37579345703125 801.2650146484375 882.5184326171875
974.78704833984375 950.77008056640625 926.73785400390625 902.6798095703125 878.64251708984375 854.69671630859375 830.69696044921875 806.83843994140625 782.93145751953125 758.8984375 734.94537353515625 710.84332275390625 686.578369140625 662.538818359375 638.53533935546875 614.479248046875 590.29083251953125 566.5389404296875 542.59686279296875 518.428466796875 494.850830078125 472.239227294921875 449.579742431640625 426.850006103515625 404.329803466796875 381.8505859375 360.41748046875 339.50787353515625 318.802490234375 298.3819580078125 278.8988037109375 259.6885986328125 241.312835693359375 223.794891357421875 207.734527587890625 194.4834136962890625 181.803802490234375 170.1315460205078125 159.44842529296875 149.9954833984375 141.1003875732421875 135.134307861328125 129.9792327880859375 126.8861846923828125 124.922515869140625 160.5995330810546875 239.3741302490234375 319.922088623046875 400.182525634765625 481.386627197265625 563.37261962890625 644.31390380859375 724.71038818359375 803.70404052734375 881.87933349609375
969.01165771484375 945.029541015625 921.10498046875 897.22601318359375 873.3065185546875 849.597900390625 825.8701171875 802.04608154296875 778.3297119140625 754.5059814453125 730.53802490234375 706.6575927734375 682.9144287109375 659.06011962890625 635.1436767578125 611.41192626953125 587.846435546875 564.10162353515625 540.14892578125 516.15509033203125 493.553314208984375 471.087188720703125 448.6605224609375 426.28765869140625 403.8779296875 382.574249267578125 361.680206298828125 340.97979736328125 320.594757080078125 300.982269287109375 281.88934326171875 263.3135986328125 245.3524017333984375 227.99151611328125 213.753692626953125 200.51019287109375 188.037841796875 176.5957489013671875 166.383636474609375 157.0813751220703125 148.336944580078125 142.7085723876953125 137.6008758544921875 134.5140838623046875 136.3366851806640625 175.7382659912109375 257.41485595703125 336.37152099609375 415.436981201171875 494.985137939453125 573.40069580078125 653.278564453125 732.93060302734375 811.23516845703125 888.6663818359375
963.438232421875 939.6322021484375 915.7840576171875 892.1553955078125 868.5145263671875 844.83721923828125 821.28662109375 797.67535400390625 773.9864501953125 750.27587890625 726.785888671875 703.166015625 679.52587890625 655.74835205078125 632.43035888671875 608.996826171875 585.4393310546875 561.68084716796875 538.22381591796875 514.93524169921875 492.40802001953125 470.27703857421875 448.132598876953125 425.86956787109375 404.68609619140625 383.814300537109375 363.1136474609375 342.770416259765625 322.9796142578125 303.938751220703125 285.20892333984375 267.089569091796875 249.67840576171875 233.4922027587890625 219.7917938232421875 206.72918701171875 194.5864105224609375 183.11199951171875 173.3443450927734375 164.2100830078125 155.9876251220703125 150.3031463623046875 145.26165771484375 142.3447265625 144.6548614501953125 175.0867156982421875 264.03131103515625 353.1678466796875 433.576812744140625 509.985870361328125 588.19708251953125 665.4603271484375 741.9378662109375 819.85845947265625 896.423095703125
