InputFiles/arrivaltime.asc
ncols        200
nrows        200
xllcorner    0.000000000000
yllcorner    0.000000000000
cellsize     30.000000000000
NODATA_value  -9999
[rows 168 to 191 of 200, columns 55 to 109 of 200]
977.68634033203125 961.88336181640625 946.4061279296875 930.987060546875 915.85638427734375 900.72467041015625 885.743896484375 871.57427978515625 857.50799560546875 843.725830078125 830.116943359375 816.6409912109375 803.3846435546875 790.32757568359375 777.47320556640625 764.77996826171875 752.2698974609375 739.8526611328125 728.05303955078125 716.1700439453125 704.9925537109375 694.19573974609375 683.57928466796875 673.6759033203125 663.841552734375 654.27752685546875 644.87548828125 635.9517822265625 627.1348876953125 618.75762939453125 610.583984375 602.69012451171875 595.04486083984375 588.4898681640625 581.9979248046875 575.745361328125 569.94305419921875 564.2745361328125 559.18804931640625 554.4505615234375 549.9259033203125 546.30072021484375 542.97601318359375 541.62554931640625 540.80377197265625 581.45245361328125 665.96527099609375 745.7640380859375 819.2640380859375 894.0037841796875 970.86322021484375 1046.7979736328125 1122.523681640625 1198.75341796875 1275.060791015625
981.48004150390625 965.9158935546875 950.4635009765625 935.26275634765625 920.141845703125 905.05804443359375 890.60052490234375 876.47882080078125 862.546630859375 848.8519287109375 835.393310546875 822.0078125 808.83868408203125 795.9375 783.21844482421875 770.598388671875 758.194091796875 746.06500244140625 734.27593994140625 722.4637451171875 711.39422607421875 700.6700439453125 690.33087158203125 680.4521484375 670.6947021484375 661.17938232421875 651.93560791015625 643.04718017578125 634.3140869140625 625.97576904296875 617.8883056640625 610.04229736328125 602.61029052734375 596.05853271484375 589.61676025390625 583.39324951171875 577.63360595703125 571.98858642578125 566.9735107421875 562.26068115234375 557.74853515625 554.1580810546875 550.80548095703125 549.42047119140625 550.22137451171875 583.658203125 667.49224853515625 750.1085205078125 832.53228759765625 907.792724609375 979.3446044921875 1053.8577880859375 1129.5662841796875 1205.6065673828125 1281.7867431640625
985.39910888671875 969.9583740234375 954.64263916015625 939.5377197265625 924.4508056640625 909.607666015625 895.453857421875 881.41802978515625 867.664794921875 854.0859375 840.66839599609375 827.44647216796875 814.413818359375 801.583740234375 788.957275390625 776.477783203125 764.115234375 752.266357421875 740.46875 728.8577880859375 717.8399658203125 707.13873291015625 697.0732421875 687.23321533203125 677.56951904296875 668.0765380859375 658.98956298828125 650.13720703125 641.5185546875 633.18743896484375 625.1856689453125 617.38824462890625 610.163330078125 603.616943359375 597.22479248046875 591.06451416015625 585.31976318359375 579.69122314453125 574.74639892578125 570.05657958984375 565.55572509765625 562.0032958984375 558.659912109375 557.2593994140625 562.2393798828125 584.03326416015625 668.88580322265625 752.36279296875 833.2257080078125 912.82794189453125 994.87982177734375 1065.9461669921875 1136.8953857421875 1212.851318359375 1288.8839111328125
989.4212646484375 974.0093994140625 958.909912109375 943.81866455078125 928.78594970703125 914.45294189453125 900.35894775390625 886.4552001953125 872.78167724609375 859.34417724609375 845.99395751953125 832.87445068359375 819.99896240234375 807.3017578125 794.7003173828125 782.3575439453125 770.1651611328125 758.45721435546875 746.6510009765625 735.17437744140625 724.28887939453125 713.67181396484375 703.80609130859375 694.00677490234375 684.43597412109375 674.9674072265625 666.037353515625 657.221923828125 648.71673583984375 640.42718505859375 632.4791259765625 624.728515625 617.705810546875 611.16656494140625 604.82208251953125 598.72467041015625 593.00042724609375 587.3829345703125 582.507080078125 577.8406982421875 573.3460693359375 569.82318115234375 566.5352783203125 565.20281982421875 568.50396728515625 584.1998291015625 669.17816162109375 752.3182373046875 834.17340087890625 914.736083984375 993.8804931640625 1071.9208984375 1150.296875 1223.5101318359375 1296.431884765625
993.46429443359375 978.25604248046875 963.1805419921875 948.14093017578125 933.43109130859375 919.29547119140625 905.29058837890625 891.5653076171875 878.00262451171875 864.608154296875 851.4068603515625 838.39849853515625 825.58697509765625 813.0146484375 800.548583984375 788.24639892578125 776.32647705078125 764.61834716796875 752.91375732421875 741.5230712890625 730.7332763671875 720.3876953125 710.53167724609375 700.7760009765625 691.30035400390625 681.96209716796875 673.0775146484375 664.30126953125 655.9088134765625 647.70458984375 639.8043212890625 632.06329345703125 625.238525390625 618.70880126953125 612.41033935546875 606.37371826171875 600.67047119140625 595.06396484375 590.25604248046875 585.61334228515625 581.12744140625 577.6385498046875 574.415771484375 573.090576171875 574.18310546875 598.30615234375 670.725830078125 754.2598876953125 835.32672119140625 914.67315673828125 994.42962646484375 1073.3643798828125 1152.286865234375 1230.73486328125 1309.853515625
997.56854248046875 982.5133056640625 967.46087646484375 952.4774169921875 938.26483154296875 924.20050048828125 910.32672119140625 896.67364501953125 883.2515869140625 869.9071044921875 856.8179931640625 843.9593505859375 831.28082275390625 818.72259521484375 806.39093017578125 794.129150390625 782.47845458984375 770.762939453125 759.23291015625 747.974365234375 737.18084716796875 727.09405517578125 717.2799072265625 707.6156005859375 698.16448974609375 688.983154296875 680.13397216796875 671.39654541015625 663.09478759765625 654.97564697265625 647.124267578125 639.39263916015625 632.76202392578125 626.24420166015625 619.9908447265625 614.013671875 608.33074951171875 602.78192138671875 597.9937744140625 593.3748779296875 588.8980712890625 585.44134521484375 582.26751708984375 580.9298095703125 580.06060791015625 621.60845947265625 693.37725830078125 762.7789306640625 838.1326904296875 917.85650634765625 996.35552978515625 1073.8486328125 1152.4415283203125 1231.6329345703125 1311.267333984375
1001.8179931640625 986.78033447265625 971.79437255859375 957.2127685546875 943.09661865234375 929.12518310546875 915.42852783203125 901.882568359375 888.50799560546875 875.311279296875 862.298095703125 849.51727294921875 836.97052001953125 824.5120849609375 812.25384521484375 800.2520751953125 788.6187744140625 776.89862060546875 765.54180908203125 754.4097900390625 743.62127685546875 733.7908935546875 724.02105712890625 714.44757080078125 705.0218505859375 695.99554443359375 687.18768310546875 678.56610107421875 670.27386474609375 662.24053955078125 654.43902587890625 646.8414306640625 640.27655029296875 633.77301025390625 627.56427001953125 621.6458740234375 615.9830322265625 610.503662109375 605.72021484375 601.12530517578125 596.65765380859375 593.23223876953125 590.105712890625 588.71539306640625 587.987060546875 628.62518310546875 711.56524658203125 786.19964599609375 854.248046875 922.23486328125 1000.02484130859375 1077.2750244140625 1154.8922119140625 1232.6583251953125 1311.2127685546875
1006.0692138671875 991.072021484375 976.13751220703125 962.0355224609375 948.0015869140625 934.1591796875 920.5279541015625 907.122314453125 893.7823486328125 880.71380615234375 867.84716796875 855.166748046875 842.65325927734375 830.32916259765625 818.11395263671875 806.37359619140625 794.7313232421875 783.1568603515625 771.8426513671875 760.84124755859375 750.30743408203125 740.4781494140625 730.75518798828125 721.27252197265625 711.8724365234375 702.99951171875 694.2335205078125 685.7266845703125 677.44464111328125 669.49853515625 661.748779296875 654.34747314453125 647.78533935546875 641.32415771484375 635.13067626953125 629.27056884765625 623.6282958984375 618.2169189453125 613.43719482421875 608.8656005859375 604.40618896484375 601.01165771484375 597.911376953125 596.41259765625 595.892578125 624.32952880859375 710.2979736328125 794.53155517578125 876.741455078125 944.46783447265625 1011.54449462890625 1082.0533447265625 1159.507080078125 1236.3302001953125 1314.193603515625
1010.32757568359375 995.40350341796875 980.95062255859375 966.8555908203125 952.9197998046875 939.2513427734375 925.72467041015625 912.37042236328125 899.1788330078125 886.1572265625 873.3946533203125 860.8397216796875 848.37799072265625 836.1572265625 824.07220458984375 812.48834228515625 800.83636474609375 789.42889404296875 778.24951171875 767.23028564453125 756.97125244140625 747.1763916015625 737.515380859375 728.1011962890625 718.82952880859375 709.99517822265625 701.271484375 692.87841796875 684.6529541015625 676.74810791015625 669.052734375 661.8448486328125 655.29437255859375 648.87786865234375 642.690185546875 636.887939453125 631.2667236328125 625.9224853515625 621.146240234375 616.59747314453125 612.14532470703125 608.77880859375 605.69647216796875 604.055419921875 605.3597412109375 624.2276611328125 706.455078125 790.89190673828125 873.118408203125 955.90008544921875 1033.2742919921875 1099.6456298828125 1166.5928955078125 1242.0390625 1319.334716796875
1014.635986328125 999.83685302734375 985.76129150390625 971.76202392578125 957.95025634765625 944.34259033203125 930.9541015625 917.62078857421875 904.572265625 891.69769287109375 879.0020751953125 866.51458740234375 854.1739501953125 841.9945068359375 830.167236328125 818.58660888671875 806.95684814453125 795.693603515625 784.64532470703125 773.6253662109375 763.62371826171875 753.88177490234375 744.31219482421875 734.92681884765625 725.8072509765625 717.0028076171875 708.3018798828125 700.0216064453125 691.88372802734375 684.025634765625 676.34942626953125 669.333251953125 662.79718017578125 656.4249267578125 650.2430419921875 644.49810791015625 638.89849853515625 633.6204833984375 628.84765625 624.32196044921875 619.88958740234375 616.537353515625 613.47235107421875 611.75 613.54638671875 636.9720458984375 715.1424560546875 792.02410888671875 870.64019775390625 951.93988037109375 1032.165771484375 1111.948486328125 1188.3902587890625 1255.88232421875 1325.348388671875
1018.96038818359375 1004.637451171875 990.57318115234375 976.6717529296875 963.03375244140625 949.52508544921875 936.1937255859375 923.007568359375 909.97998046875 897.2362060546875 884.66729736328125 872.18914794921875 859.97027587890625 847.82861328125 836.25634765625 824.666259765625 813.20074462890625 801.97052001953125 791.0234375 780.24853515625 770.28594970703125 760.57977294921875 751.100341796875 741.74371337890625 732.7767333984375 724.01422119140625 715.39862060546875 707.15631103515625 699.1055908203125 691.30218505859375 683.6378173828125 676.81097412109375 670.29302978515625 663.9654541015625 657.8084716796875 652.101318359375 646.52374267578125 641.3106689453125 636.5416259765625 632.039306640625 627.6434326171875 624.28851318359375 621.24993896484375 619.45501708984375 619.124267578125 652.15240478515625 727.3515625 803.87908935546875 879.158935546875 953.965087890625 1030.1385498046875 1109.959716796875 1190.40380859375 1271.157958984375 1346.946044921875
1023.488525390625 1009.43353271484375 995.474853515625 981.6981201171875 968.115966796875 954.74578857421875 941.4334716796875 928.3927001953125 915.5113525390625 902.80133056640625 890.33221435546875 877.97174072265625 865.7969970703125 853.86920166015625 842.3370361328125 830.74078369140625 819.43798828125 808.33685302734375 797.386474609375 786.88751220703125 776.90887451171875 767.27044677734375 757.88043212890625 748.55267333984375 739.737060546875 731.01739501953125 722.51580810546875 714.28277587890625 706.318115234375 698.57086181640625 690.91802978515625 684.27728271484375 677.78021240234375 671.498291015625 665.40045166015625 659.6976318359375 654.14239501953125 648.99334716796875 644.22552490234375 639.74786376953125 635.38958740234375 632.03326416015625 629.02410888671875 627.1282958984375 626.83001708984375 664.0478515625 744.2469482421875 817.14337158203125 890.7061767578125 965.11346435546875 1039.00732421875 1112.9781494140625 1188.2801513671875 1268.71923828125 1350.0762939453125
1028.288818359375 1014.243896484375 1000.37347412109375 986.77203369140625 973.2847900390625 959.97613525390625 946.79620361328125 933.77618408203125 921.0400390625 908.4573974609375 895.99603271484375 883.7525634765625 871.6221923828125 859.938720703125 848.39794921875 836.8741455078125 825.66748046875 814.69598388671875 803.742431640625 793.48077392578125 783.57867431640625 774.0167236328125 764.6700439453125 755.46905517578125 746.68798828125 738.0125732421875 729.6260986328125 721.40582275390625 713.52001953125 705.83038330078125 698.289794921875 691.73248291015625 685.25799560546875 679.02197265625 672.98406982421875 667.2908935546875 661.7547607421875 656.669189453125 651.90374755859375 647.44757080078125 643.1439208984375 639.77227783203125 636.7926025390625 634.76129150390625 634.5947265625 667.58624267578125 749.5723876953125 830.6695556640625 905.95855712890625 976.58349609375 1050.0396728515625 1123.35302734375 1197.8021240234375 1272.4669189453125 1347.85009765625
1033.0672607421875 1019.13665771484375 1005.39581298828125 991.84173583984375 978.49530029296875 965.2073974609375 952.17279052734375 939.28485107421875 926.567138671875 914.111328125 901.73028564453125 889.55859375 877.52130126953125 866.00555419921875 854.4521484375 843.08428955078125 831.92913818359375 821.0382080078125 810.255615234375 800.08087158203125 790.24444580078125 780.769775390625 771.4521484375 762.40032958984375 753.6434326171875 744.9989013671875 736.7279052734375 728.57781982421875 720.71563720703125 713.08306884765625 705.7349853515625 699.17681884765625 692.72650146484375 686.535888671875 680.557861328125 674.887939453125 669.36016845703125 664.338134765625 659.57562255859375 655.14581298828125 650.878662109375 647.5054931640625 644.5533447265625 642.958984375 647.02325439453125 676.28411865234375 753.78570556640625 833.86614990234375 912.40826416015625 992.46435546875 1063.5787353515625 1134.8387451171875 1208.408203125 1282.4317626953125 1357.7408447265625
1037.869873046875 1024.023193359375 1010.45648193359375 996.99664306640625 983.713623046875 970.54400634765625 957.54656982421875 944.80450439453125 932.20843505859375 919.766845703125 907.5020751953125 895.37652587890625 883.58074951171875 872.0662841796875 860.5045166015625 849.289794921875 838.2626953125 827.3695068359375 816.8564453125 806.68695068359375 796.91046142578125 787.514404296875 778.22674560546875 769.32281494140625 760.60968017578125 752.00567626953125 743.82037353515625 735.75360107421875 727.9315185546875 720.34063720703125 713.17926025390625 706.61077880859375 700.18597412109375 694.040283203125 688.12158203125 682.4752197265625 676.95672607421875 671.998779296875 667.2476806640625 662.836669921875 658.60003662109375 655.23126220703125 652.36102294921875 650.43914794921875 654.46502685546875 693.168212890625 769.53741455078125 840.17401123046875 917.2239990234375 994.997802734375 1071.7498779296875 1151.0589599609375 1220.1793212890625 1293.7459716796875 1368.0224609375
1042.7550048828125 1029.03955078125 1015.51641845703125 1002.19354248046875 988.93572998046875 975.910400390625 963.018310546875 950.3212890625 937.85101318359375 925.45135498046875 913.28118896484375 901.19390869140625 889.6375732421875 878.11181640625 866.65960693359375 855.491455078125 844.58758544921875 833.69476318359375 823.451171875 813.33740234375 803.57794189453125 794.2578125 784.99365234375 776.23681640625 767.56756591796875 759.0772705078125 750.90386962890625 742.91925048828125 735.15728759765625 727.589111328125 720.5960693359375 714.05096435546875 707.665771484375 701.535400390625 695.67547607421875 690.052978515625 684.543701171875 679.64959716796875 674.92266845703125 670.52008056640625 666.3145751953125 662.95477294921875 660.16522216796875 657.470947265625 661.2479248046875 692.12701416015625 775.898193359375 858.176025390625 930.9730224609375 999.982421875 1076.8682861328125 1153.8616943359375 1230.727294921875 1308.2626953125 1379.9183349609375
1047.6402587890625 1034.0919189453125 1020.65496826171875 1007.4000244140625 994.24383544921875 981.27386474609375 968.52838134765625 955.919921875 943.497802734375 931.212646484375 919.09210205078125 907.187744140625 895.690673828125 884.15576171875 872.854248046875 861.74798583984375 850.89984130859375 840.15765380859375 830.02642822265625 819.967529296875 810.30023193359375 801.00994873046875 791.87213134765625 783.14227294921875 774.517333984375 766.1392822265625 757.97869873046875 750.0753173828125 742.37371826171875 734.83062744140625 728.0013427734375 721.4842529296875 715.14422607421875 709.02142333984375 703.2197265625 697.62127685546875 692.12109375 687.2901611328125 682.5872802734375 678.194580078125 674.01922607421875 670.66571044921875 667.937744140625 665.355712890625 668.77752685546875 692.2139892578125 774.60626220703125 856.5960693359375 937.83685302734375 1018.6094970703125 1088.5997314453125 1159.176513671875 1236.1402587890625 1313.4434814453125 1391.6025390625
1052.661376953125 1039.1441650390625 1025.8394775390625 1012.61126708984375 999.59832763671875 986.7078857421875 974.03436279296875 961.55230712890625 949.14166259765625 936.9722900390625 924.90155029296875 913.233642578125 901.73419189453125 890.19818115234375 879.04541015625 868.06024169921875 857.20684814453125 846.7208251953125 836.5927734375 826.54693603515625 817.017822265625 807.75689697265625 798.76226806640625 790.04718017578125 781.45941162109375 773.19189453125 765.04498291015625 757.22198486328125 749.5804443359375 742.0640869140625 735.39697265625 728.909423828125 722.61407470703125 716.4986572265625 710.7545166015625 705.17889404296875 699.68707275390625 694.92059326171875 690.24176025390625 685.8592529296875 681.71307373046875 678.3607177734375 675.62237548828125 673.287841796875 677.48358154296875 695.1173095703125 776.90692138671875 857.0888671875 936.30926513671875 1016.30255126953125 1096.3587646484375 1177.42236328125 1245.5716552734375 1319.1956787109375 1397.1661376953125
1057.71337890625 1044.2744140625 1031.0345458984375 1017.89154052734375 1004.95098876953125 992.204345703125 979.589599609375 967.18682861328125 954.88360595703125 942.7662353515625 930.75762939453125 919.27685546875 907.7696533203125 896.38232421875 885.23419189453125 874.3697509765625 863.511962890625 853.27777099609375 843.1649169921875 833.152099609375 823.73114013671875 814.4989013671875 805.64599609375 796.97296142578125 788.39337158203125 780.2371826171875 772.16162109375 764.3594970703125 756.77850341796875 749.3216552734375 742.7818603515625 736.32537841796875 730.07452392578125 723.9669189453125 718.2801513671875 712.72857666015625 707.27880859375 702.55230712890625 697.88726806640625 693.514404296875 689.39691162109375 686.0477294921875 683.3148193359375 681.18817138671875 683.4317626953125 698.54949951171875 780.75909423828125 860.3291015625 938.9537353515625 1017.362060546875 1095.1148681640625 1174.0084228515625 1254.8878173828125 1337.210693359375 1403.6783447265625
1062.7652587890625 1049.45703125 1036.2381591796875 1023.23370361328125 1010.343994140625 997.6993408203125 985.20989990234375 972.82147216796875 960.63336181640625 948.56658935546875 936.79290771484375 925.317138671875 913.80279541015625 902.5640869140625 891.497314453125 880.6700439453125 869.937255859375 859.8270263671875 849.7557373046875 839.84368896484375 830.45086669921875 821.23583984375 812.5234375 803.8927001953125 795.4071044921875 787.2762451171875 779.2811279296875 771.5091552734375 763.9822998046875 756.68853759765625 750.1561279296875 743.73114013671875 737.5252685546875 731.44488525390625 725.7962646484375 720.2701416015625 714.88885498046875 710.16705322265625 705.52703857421875 701.16021728515625 697.07073974609375 693.725830078125 690.99908447265625 689.0377197265625 689.07806396484375 724.70526123046875 792.223388671875 865.3074951171875 943.8052978515625 1020.97943115234375 1097.6929931640625 1175.9224853515625 1254.046875 1332.7806396484375 1415.258056640625
1067.8916015625 1054.6497802734375 1041.4957275390625 1028.5743408203125 1015.82965087890625 1003.20916748046875 990.82928466796875 978.51275634765625 966.39794921875 954.36614990234375 942.82513427734375 931.34368896484375 919.8746337890625 908.74371337890625 897.79693603515625 886.966796875 876.48150634765625 866.372802734375 856.3426513671875 846.5377197265625 837.17388916015625 828.08734130859375 819.39483642578125 810.80657958984375 802.42742919921875 794.308837890625 786.39080810546875 778.678955078125 771.1788330078125 764.04534912109375 757.52008056640625 751.12689208984375 744.9656982421875 738.944580078125 733.302978515625 727.8018798828125 722.48870849609375 717.7677001953125 713.15167236328125 708.7967529296875 704.73486328125 701.3946533203125 698.67376708984375 696.8193359375 695.29571533203125 725.4637451171875 815.86419677734375 887.4586181640625 949.315673828125 1026.8251953125 1103.1368408203125 1179.8062744140625 1256.596435546875 1335.3193359375 1415.171630859375
1073.0733642578125 1059.8541259765625 1046.835205078125 1033.931396484375 1021.31134033203125 1008.81597900390625 996.45355224609375 984.250244140625 972.18963623046875 960.313720703125 948.853515625 937.36767578125 926.04669189453125 914.91973876953125 904.0927734375 893.26220703125 883.021240234375 872.91839599609375 862.92657470703125 853.230224609375 843.8905029296875 834.94573974609375 826.2601318359375 817.71380615234375 809.44073486328125 801.33538818359375 793.4937744140625 785.8392333984375 778.36822509765625 771.39227294921875 764.87384033203125 758.51287841796875 752.39593505859375 746.43353271484375 740.79925537109375 735.32421875 730.07781982421875 725.35845947265625 720.76800537109375 716.424560546875 712.38958740234375 709.05426025390625 706.337646484375 704.527099609375 703.20538330078125 718.06622314453125 799.16973876953125 887.8199462890625 975.2232666015625 1045.0093994140625 1110.3729248046875 1186.588134765625 1262.34375 1339.4969482421875 1417.7467041015625
1078.2642822265625 1065.0953369140625 1052.1748046875 1039.4088134765625 1026.7899169921875 1014.42071533203125 1002.09112548828125 989.985107421875 977.98028564453125 966.33416748046875 954.877197265625 943.38995361328125 932.21484375 921.1881103515625 910.38232421875 899.65924072265625 889.55731201171875 879.49530029296875 869.5335693359375 859.927734375 850.61175537109375 841.79669189453125 833.15399169921875 824.61529541015625 816.44720458984375 808.35595703125 800.590087890625 792.99273681640625 785.54962158203125 778.72955322265625 772.2325439453125 765.88922119140625 759.81634521484375 753.91204833984375 748.28485107421875 742.8360595703125 737.65606689453125 732.93994140625 728.3743896484375 724.0435791015625 720.035888671875 716.70477294921875 713.9862060546875 712.1697998046875 711.00360107421875 739.09771728515625 810.8953857421875 882.59320068359375 958.2203369140625 1044.6361083984375 1130.8853759765625 1195.84423828125 1271.7039794921875 1346.4749755859375 1423.9608154296875
1083.468994140625 1070.434814453125 1057.514404296875 1044.885986328125 1032.372314453125 1020.03192138671875 1007.81634521484375 995.7640380859375 983.7918701171875 972.35137939453125 960.89178466796875 949.4891357421875 938.38043212890625 927.47393798828125 916.6697998046875 906.18609619140625 896.09063720703125 886.06976318359375 876.22412109375 866.66131591796875 857.31982421875 848.642822265625 840.0430908203125 831.5537109375 823.45111083984375 815.4342041015625 807.67987060546875 800.1396484375 792.7255859375 786.056396484375 779.5916748046875 773.285400390625 767.22698974609375 761.38043212890625 755.77587890625 750.3375244140625 745.22283935546875 740.51104736328125 735.970947265625 731.65325927734375 727.671630859375 724.34521484375 721.6170654296875 719.73736572265625 721.35943603515625 757.7969970703125 830.07745361328125 900.58013916015625 971.77972412109375 1043.67822265625 1116.091796875 1199.6502685546875 1282.3228759765625 1357.36376953125 1433.4744873046875
