InputFiles/elevation.asc
ncols         200
nrows         200
xllcorner     0
yllcorner     0
cellsize      30
NODATA_value  -9999 
[rows 162 to 188 of 200, columns 0 to 60 of 200]
776.0725 768.3118 760.551 752.7903 745.0296 737.2689 729.5082 721.7474 713.9867 706.226 698.4653 690.70447 682.9438 675.1831 667.42236 659.6616 651.9009 644.1402 636.37946 628.6187 620.85803 613.0973 605.33655 597.5758 589.8151 582.0544 574.29364 566.5329 558.7722 551.0115 543.25073 535.49 527.7293 519.9686 512.2078 504.44708 496.6864 488.92572 481.16495 473.40424 465.6435 457.88278 450.12204 442.36133 434.6006 426.83987 419.07916 411.31842 403.5577 395.79697 388.03625 380.2755 372.5148 364.7541 356.99335 349.23264 341.4719 333.71118 325.95044 318.18973 310.42902
776.0725 768.3118 760.551 752.7903 745.0296 737.2689 729.5082 721.7474 713.9867 706.226 698.4653 690.70447 682.9438 675.1831 667.42236 659.6616 651.9009 644.1402 636.37946 628.6187 620.85803 613.0973 605.33655 597.5758 589.8151 582.0544 574.29364 566.5329 558.7722 551.0115 543.25073 535.49 527.7293 519.9686 512.2078 504.44708 496.6864 488.92572 481.16495 473.40424 465.6435 457.88278 450.12204 442.36133 434.6006 426.83987 419.07916 411.31842 403.5577 395.79697 388.03625 380.2755 372.5148 364.7541 356.99335 349.23264 341.4719 333.71118 325.95044 318.18973 310.42902
776.0725 768.3118 760.551 752.7903 745.0296 737.2689 729.5082 721.7474 713.9867 706.226 698.4653 690.70447 682.9438 675.1831 667.42236 659.6616 651.9009 644.1402 636.37946 628.6187 620.85803 613.0973 605.33655 597.5758 589.8151 582.0544 574.29364 566.5329 558.7722 551.0115 543.25073 535.49 527.7293 519.9686 512.2078 504.44708 496.6864 488.92572 481.16495 473.40424 465.6435 457.88278 450.12204 442.36133 434.6006 426.83987 419.07916 411.31842 403.5577 395.79697 388.03625 380.2755 372.5148 364.7541 356.99335 349.23264 341.4719 333.71118 325.95044 318.18973 310.42902
776.0725 768.3118 760.551 752.7903 745.0296 737.2689 729.5082 721.7474 713.9867 706.226 698.4653 690.70447 682.9438 675.1831 667.42236 659.6616 651.9009 644.1402 636.37946 628.6187 620.85803 613.0973 605.33655 597.5758 589.8151 582.0544 574.29364 566.5329 558.7722 551.0115 543.25073 535.49 527.7293 519.9686 512.2078 504.44708 496.6864 488.92572 481.16495 473.40424 465.6435 457.88278 450.12204 442.36133 434.6006 426.83987 419.07916 411.31842 403.5577 395.79697 388.03625 380.2755 372.5148 364.7541 356.99335 349.23264 341.4719 333.71118 325.95044 318.18973 310.42902
776.0725 768.3118 760.551 752.7903 745.0296 737.2689 729.5082 721.7474 713.9867 706.226 698.4653 690.70447 682.9438 675.1831 667.42236 659.6616 651.9009 644.1402 636.37946 628.6187 620.85803 613.0973 605.33655 597.5758 589.8151 582.0544 574.29364 566.5329 558.7722 551.0115 543.25073 535.49 527.7293 519.9686 512.2078 504.44708 496.6864 488.92572 481.16495 473.40424 465.6435 457.88278 450.12204 442.36133 434.6006 426.83987 419.07916 411.31842 403.5577 395.79697 388.03625 380.2755 372.5148 364.7541 356.99335 349.23264 341.4719 333.71118 325.95044 318.18973 310.42902
776.0725 768.3118 760.551 752.7903 745.0296 737.2689 729.5082 721.7474 713.9867 706.226 698.4653 690.70447 682.9438 675.1831 667.42236 659.6616 651.9009 644.1402 636.37946 628.6187 620.85803 613.0973 605.33655 597.5758 589.8151 582.0544 574.29364 566.5329 558.7722 551.0115 543.25073 535.49 527.7293 519.9686 512.2078 504.44708 496.6864 488.92572 481.16495 473.40424 465.6435 457.88278 450.12204 442.36133 434.6006 426.83987 419.07916 411.31842 403.5577 395.79697 388.03625 380.2755 372.5148 364.7541 356.99335 349.23264 341.4719 333.71118 325.95044 318.18973 310.42902
776.0725 768.3118 760.551 752.7903 745.0296 737.2689 729.5082 721.7474 713.9867 706.226 698.4653 690.70447 682.9438 675.1831 667.42236 659.6616 651.9009 644.1402 636.37946 628.6187 620.85803 613.0973 605.33655 597.5758 589.8151 582.0544 574.29364 566.5329 558.7722 551.0115 543.25073 535.49 527.7293 519.9686 512.2078 504.44708 496.6864 488.92572 481.16495 473.40424 465.6435 457.88278 450.12204 442.36133 434.6006 426.83987 419.07916 411.31842 403.5577 395.79697 388.03625 380.2755 372.5148 364.7541 356.99335 349.23264 341.4719 333.71118 325.95044 318.18973 310.42902
776.0725 768.3118 760.551 752.7903 745.0296 737.2689 729.5082 721.7474 713.9867 706.226 698.4653 690.70447 682.9438 675.1831 667.42236 659.6616 651.9009 644.1402 636.37946 628.6187 620.85803 613.0973 605.33655 597.5758 589.8151 582.0544 574.29364 566.5329 558.7722 551.0115 543.25073 535.49 527.7293 519.9686 512.2078 504.44708 496.6864 488.92572 481.16495 473.40424 465.6435 457.88278 450.12204 442.36133 434.6006 426.83987 419.07916 411.31842 403.5577 395.79697 388.03625 380.2755 372.5148 364.7541 356.99335 349.23264 341.4719 333.71118 325.95044 318.18973 310.42902
776.0725 768.3118 760.551 752.7903 745.0296 737.2689 729.5082 721.7474 713.9867 706.226 698.4653 690.70447 682.9438 675.1831 667.42236 659.6616 651.9009 644.1402 636.37946 628.6187 620.85803 613.0973 605.33655 597.5758 589.8151 582.0544 574.29364 566.5329 558.7722 551.0115 543.25073 535.49 527.7293 519.9686 512.2078 504.44708 496.6864 488.92572 481.16495 473.40424 465.6435 457.88278 450.12204 442.36133 434.6006 426.83987 419.07916 411.31842 403.5577 395.79697 388.03625 380.2755 372.5148 364.7541 356.99335 349.23264 341.4719 333.71118 325.95044 318.18973 310.42902
776.0725 768.3118 760.551 752.7903 745.0296 737.2689 729.5082 721.7474 713.9867 706.226 698.4653 690.70447 682.9438 675.1831 667.42236 659.6616 651.9009 644.1402 636.37946 628.6187 620.85803 613.0973 605.33655 597.5758 589.8151 582.0544 574.29364 566.5329 558.7722 551.0115 543.25073 535.49 527.7293 519.9686 512.2078 504.44708 496.6864 488.92572 481.16495 473.40424 465.6435 457.88278 450.12204 442.36133 434.6006 426.83987 419.07916 411.31842 403.5577 395.79697 388.03625 380.2755 372.5148 364.7541 356.99335 349.23264 341.4719 333.71118 325.95044 318.18973 310.42902
776.0725 768.3118 760.551 752.7903 745.0296 737.2689 729.5082 721.7474 713.9867 706.226 698.4653 690.70447 682.9438 675.1831 667.42236 659.6616 651.9009 644.1402 636.37946 628.6187 620.85803 613.0973 605.33655 597.5758 589.8151 582.0544 574.29364 566.5329 558.7722 551.0115 543.25073 535.49 527.7293 519.9686 512.2078 504.44708 496.6864 488.92572 481.16495 473.40424 465.6435 457.88278 450.12204 442.36133 434.6006 426.83987 419.07916 411.31842 403.5577 395.79697 388.03625 380.2755 372.5148 364.7541 356.99335 349.23264 341.4719 333.71118 325.95044 318.18973 310.42902
776.0725 768.3118 760.551 752.7903 745.0296 737.2689 729.5082 721.7474 713.9867 706.226 698.4653 690.70447 682.9438 675.1831 667.42236 659.6616 651.9009 644.1402 636.37946 628.6187 620.85803 613.0973 605.33655 597.5758 589.8151 582.0544 574.29364 566.5329 558.7722 551.0115 543.25073 535.49 527.7293 519.9686 512.2078 504.44708 496.6864 488.92572 481.16495 473.40424 465.6435 457.88278 450.12204 442.36133 434.6006 426.83987 419.07916 411.31842 403.5577 395.79697 388.03625 380.2755 372.5148 364.7541 356.99335 349.23264 341.4719 333.71118 325.95044 318.18973 310.42902
776.0725 768.3118 760.551 752.7903 745.0296 737.2689 729.5082 721.7474 713.9867 706.226 698.4653 690.70447 682.9438 675.1831 667.42236 659.6616 651.9009 644.1402 636.37946 628.6187 620.85803 613.0973 605.33655 597.5758 589.8151 582.0544 574.29364 566.5329 558.7722 551.0115 543.25073 535.49 527.7293 519.9686 512.2078 504.44708 496.6864 488.92572 481.16495 473.40424 465.6435 457.88278 450.12204 442.36133 434.6006 426.83987 419.07916 411.31842 403.5577 395.79697 388.03625 380.2755 372.5148 364.7541 356.99335 349.23264 341.4719 333.71118 325.95044 318.18973 310.42902
776.0725 768.3118 760.551 752.7903 745.0296 737.2689 729.5082 721.7474 713.9867 706.226 698.4653 690.70447 682.9438 675.1831 667.42236 659.6616 651.9009 644.1402 636.37946 628.6187 620.85803 613.0973 605.33655 597.5758 589.8151 582.0544 574.29364 566.5329 558.7722 551.0115 543.25073 535.49 527.7293 519.9686 512.2078 504.44708 496.6864 488.92572 481.16495 473.40424 465.6435 457.88278 450.12204 442.36133 434.6006 426.83987 419.07916 411.31842 403.5577 395.79697 388.03625 380.2755 372.5148 364.7541 356.99335 349.23264 341.4719 333.71118 325.95044 318.18973 310.42902
776.0725 768.3118 760.551 752.7903 745.0296 737.2689 729.5082 721.7474 713.9867 706.226 698.4653 690.70447 682.9438 675.1831 667.42236 659.6616 651.9009 644.1402 636.37946 628.6187 620.85803 613.0973 605.33655 597.5758 589.8151 582.0544 574.29364 566.5329 558.7722 551.0115 543.25073 535.49 527.7293 519.9686 512.2078 504.44708 496.6864 488.92572 481.16495 473.40424 465.6435 457.88278 450.12204 442.36133 434.6006 426.83987 419.07916 411.31842 403.5577 395.79697 388.03625 380.2755 372.5148 364.7541 356.99335 349.23264 341.4719 333.71118 325.95044 318.18973 310.42902
776.0725 768.3118 760.551 752.7903 745.0296 737.2689 729.5082 721.7474 713.9867 706.226 698.4653 690.70447 682.9438 675.1831 667.42236 659.6616 651.9009 644.1402 636.37946 628.6187 620.85803 613.0973 605.33655 597.5758 589.8151 582.0544 574.29364 566.5329 558.7722 551.0115 543.25073 535.49 527.7293 519.9686 512.2078 504.44708 496.6864 488.92572 481.16495 473.40424 465.6435 457.88278 450.12204 442.36133 434.6006 426.83987 419.07916 411.31842 403.5577 395.79697 388.03625 380.2755 372.5148 364.7541 356.99335 349.23264 341.4719 333.71118 325.95044 318.18973 310.42902
776.0725 768.3118 760.551 752.7903 745.0296 737.2689 729.5082 721.7474 713.9867 706.226 698.4653 690.70447 682.9438 675.1831 667.42236 659.6616 651.9009 644.1402 636.37946 628.6187 620.85803 613.0973 605.33655 597.5758 589.8151 582.0544 574.29364 566.5329 558.7722 551.0115 543.25073 535.49 527.7293 519.9686 512.2078 504.44708 496.6864 488.92572 481.16495 473.40424 465.6435 457.88278 450.12204 442.36133 434.6006 426.83987 419.07916 411.31842 403.5577 395.79697 388.03625 380.2755 372.5148 364.7541 356.99335 349.23264 341.4719 333.71118 325.95044 318.18973 310.42902
776.0725 768.3118 760.551 752.7903 745.0296 737.2689 729.5082 721.7474 713.9867 706.226 698.4653 690.70447 682.9438 675.1831 667.42236 659.6616 651.9009 644.1402 636.37946 628.6187 620.85803 613.0973 605.33655 597.5758 589.8151 582.0544 574.29364 566.5329 558.7722 551.0115 543.25073 535.49 527.7293 519.9686 512.2078 504.44708 496.6864 488.92572 481.16495 473.40424 465.6435 457.88278 450.12204 442.36133 434.6006 426.83987 419.07916 411.31842 403.5577 395.79697 388.03625 380.2755 372.5148 364.7541 356.99335 349.23264 341.4719 333.71118 325.95044 318.18973 310.42902
776.0725 768.3118 760.551 752.7903 745.0296 737.2689 729.5082 721.7474 713.9867 706.226 698.4653 690.70447 682.9438 675.1831 667.42236 659.6616 651.9009 644.1402 636.37946 628.6187 620.85803 613.0973 605.33655 597.5758 589.8151 582.0544 574.29364 566.5329 558.7722 551.0115 543.25073 535.49 527.7293 519.9686 512.2078 504.44708 496.6864 488.92572 481.16495 473.40424 465.6435 457.88278 450.12204 442.36133 434.6006 426.83987 419.07916 411.31842 403.5577 395.79697 388.03625 380.2755 372.5148 364.7541 356.99335 349.23264 341.4719 333.71118 325.95044 318.18973 310.42902
776.0725 768.3118 760.551 752.7903 745.0296 737.2689 729.5082 721.7474 713.9867 706.226 698.4653 690.70447 682.9438 675.1831 667.42236 659.6616 651.9009 644.1402 636.37946 628.6187 620.85803 613.0973 605.33655 597.5758 589.8151 582.0544 574.29364 566.5329 558.7722 551.0115 543.25073 535.49 527.7293 519.9686 512.2078 504.44708 496.6864 488.92572 481.16495 473.40424 465.6435 457.88278 450.12204 442.36133 434.6006 426.83987 419.07916 411.31842 403.5577 395.79697 388.03625 380.2755 372.5148 364.7541 356.99335 349.23264 341.4719 333.71118 325.95044 318.18973 310.42902
776.0725 768.3118 760.551 752.7903 745.0296 737.2689 729.5082 721.7474 713.9867 706.226 698.4653 690.70447 682.9438 675.1831 667.42236 659.6616 651.9009 644.1402 636.37946 628.6187 620.85803 613.0973 605.33655 597.5758 589.8151 582.0544 574.29364 566.5329 558.7722 551.0115 543.25073 535.49 527.7293 519.9686 512.2078 504.44708 496.6864 488.92572 481.16495 473.40424 465.6435 457.88278 450.12204 442.36133 434.6006 426.83987 419.07916 411.31842 403.5577 395.79697 388.03625 380.2755 372.5148 364.7541 356.99335 349.23264 341.4719 333.71118 325.95044 318.18973 310.42902
776.0725 768.3118 760.551 752.7903 745.0296 737.2689 729.5082 721.7474 713.9867 706.226 698.4653 690.70447 682.9438 675.1831 667.42236 659.6616 651.9009 644.1402 636.37946 628.6187 620.85803 613.0973 605.33655 597.5758 589.8151 582.0544 574.29364 566.5329 558.7722 551.0115 543.25073 535.49 527.7293 519.9686 512.2078 504.44708 496.6864 488.92572 481.16495 473.40424 465.6435 457.88278 450.12204 442.36133 434.6006 426.83987 419.07916 411.31842 403.5577 395.79697 388.03625 380.2755 372.5148 364.7541 356.99335 349.23264 341.4719 333.71118 325.95044 318.18973 310.42902
776.0725 768.3118 760.551 752.7903 745.0296 737.2689 729.5082 721.7474 713.9867 706.226 698.4653 690.70447 682.9438 675.1831 667.42236 659.6616 651.9009 644.1402 636.37946 628.6187 620.85803 613.0973 605.33655 597.5758 589.8151 582.0544 574.29364 566.5329 558.7722 551.0115 543.25073 535.49 527.7293 519.9686 512.2078 504.44708 496.6864 488.92572 481.16495 473.40424 465.6435 457.88278 450.12204 442.36133 434.6006 426.83987 419.07916 411.31842 403.5577 395.79697 388.03625 380.2755 372.5148 364.7541 356.99335 349.23264 341.4719 333.71118 325.95044 318.18973 310.42902
776.0725 768.3118 760.551 752.7903 745.0296 737.2689 729.5082 721.7474 713.9867 706.226 698.4653 690.70447 682.9438 675.1831 667.42236 659.6616 651.9009 644.1402 636.37946 628.6187 620.85803 613.0973 605.33655 597.5758 589.8151 582.0544 574.29364 566.5329 558.7722 551.0115 543.25073 535.49 527.7293 519.9686 512.2078 504.44708 496.6864 488.92572 481.16495 473.40424 465.6435 457.88278 450.12204 442.36133 434.6006 426.83987 419.07916 411.31842 403.5577 395.79697 388.03625 380.2755 372.5148 364.7541 356.99335 349.23264 341.4719 333.71118 325.95044 318.18973 310.42902
776.0725 768.3118 760.551 752.7903 745.0296 737.2689 729.5082 721.7474 713.9867 706.226 698.4653 690.70447 682.9438 675.1831 667.42236 659.6616 651.9009 644.1402 636.37946 628.6187 620.85803 613.0973 605.33655 597.5758 589.8151 582.0544 574.29364 566.5329 558.7722 551.0115 543.25073 535.49 527.7293 519.9686 512.2078 504.44708 496.6864 488.92572 481.16495 473.40424 465.6435 457.88278 450.12204 442.36133 434.6006 426.83987 419.07916 411.31842 403.5577 395.79697 388.03625 380.2755 372.5148 364.7541 356.99335 349.23264 341.4719 333.71118 325.95044 318.18973 310.42902
776.0725 768.3118 760.551 752.7903 745.0296 737.2689 729.5082 721.7474 713.9867 706.226 698.4653 690.70447 682.9438 675.1831 667.42236 659.6616 651.9009 644.1402 636.37946 628.6187 620.85803 613.0973 605.33655 597.5758 589.8151 582.0544 574.29364 566.5329 558.7722 551.0115 543.25073 535.49 527.7293 519.9686 512.2078 504.44708 496.6864 488.92572 481.16495 473.40424 465.6435 457.88278 450.12204 442.36133 434.6006 426.83987 419.07916 411.31842 403.5577 395.79697 388.03625 380.2755 372.5148 364.7541 356.99335 349.23264 341.4719 333.71118 325.95044 318.18973 310.42902
776.0725 768.3118 760.551 752.7903 745.0296 737.2689 729.5082 721.7474 713.9867 706.226 698.4653 690.70447 682.9438 675.1831 667.42236 659.6616 651.9009 644.1402 636.37946 628.6187 620.85803 613.0973 605.33655 597.5758 589.8151 582.0544 574.29364 566.5329 558.7722 551.0115 543.25073 535.49 527.7293 519.9686 512.2078 504.44708 496.6864 488.92572 481.16495 473.40424 465.6435 457.88278 450.12204 442.36133 434.6006 426.83987 419.07916 411.31842 403.5577 395.79697 388.03625 380.2755 372.5148 364.7541 356.99335 349.23264 341.4719 333.71118 325.95044 318.18973 310.42902
