InputFiles/elevation.asc
ncols         200
nrows         200
xllcorner     0
yllcorner     0
cellsize      30
NODATA_value  -9999 
[rows 162 to 188 of 200, columns 122 to 182 of 200]
57.493706 60.10705 62.720406 65.333755 67.947105 70.560455 73.17381 75.787155 78.400505 81.013855 83.627205 86.240555 88.85391 91.46726 94.080605 96.693954 99.30731 101.92066 104.53401 107.14736 109.760704 112.374054 114.98741 117.60076 120.2141 122.82746 125.44081 128.05417 130.66751 133.28087 135.89421 138.50755 141.12091 143.73425 146.34763 148.96097 151.57431 154.18767 156.80101 159.41437 162.02771 164.64107 167.25441 169.86775 172.48111 175.09447 177.70782 180.32117 182.93452 185.54787 188.16121 190.77457 193.38791 196.00127 198.61462 201.22797 203.84132 206.45467 209.06802 211.68137 214.29472
57.493706 60.10705 62.720406 65.333755 67.947105 70.560455 73.17381 75.787155 78.400505 81.013855 83.627205 86.240555 88.85391 91.46726 94.080605 96.693954 99.30731 101.92066 104.53401 107.14736 109.760704 112.374054 114.98741 117.60076 120.2141 122.82746 125.44081 128.05417 130.66751 133.28087 135.89421 138.50755 141.12091 143.73425 146.34763 148.96097 151.57431 154.18767 156.80101 159.41437 162.02771 164.64107 167.25441 169.86775 172.48111 175.09447 177.70782 180.32117 182.93452 185.54787 188.16121 190.77457 193.38791 196.00127 198.61462 201.22797 203.84132 206.45467 209.06802 211.68137 214.29472
57.493706 60.10705 62.720406 65.333755 67.947105 70.560455 73.17381 75.787155 78.400505 81.013855 83.627205 86.240555 88.85391 91.46726 94.080605 96.693954 99.30731 101.92066 104.53401 107.14736 109.760704 112.374054 114.98741 117.60076 120.2141 122.82746 125.44081 128.05417 130.66751 133.28087 135.89421 138.50755 141.12091 143.73425 146.34763 148.96097 151.57431 154.18767 156.80101 159.41437 162.02771 164.64107 167.25441 169.86775 172.48111 175.09447 177.70782 180.32117 182.93452 185.54787 188.16121 190.77457 193.38791 196.00127 198.61462 201.22797 203.84132 206.45467 209.06802 211.68137 214.29472
57.493706 60.10705 62.720406 65.333755 67.947105 70.560455 73.17381 75.787155 78.400505 81.013855 83.627205 86.240555 88.85391 91.46726 94.080605 96.693954 99.30731 101.92066 104.53401 107.14736 109.760704 112.374054 114.98741 117.60076 120.2141 122.82746 125.44081 128.05417 130.66751 133.28087 135.89421 138.50755 141.12091 143.73425 146.34763 148.96097 151.57431 154.18767 156.80101 159.41437 162.02771 164.64107 167.25441 169.86775 172.48111 175.09447 177.70782 180.32117 182.93452 185.54787 188.16121 190.77457 193.38791 196.00127 198.61462 201.22797 203.84132 206.45467 209.06802 211.68137 214.29472
57.493706 60.10705 62.720406 65.333755 67.947105 70.560455 73.17381 75.787155 78.400505 81.013855 83.627205 86.240555 88.85391 91.46726 94.080605 96.693954 99.30731 101.92066 104.53401 107.14736 109.760704 112.374054 114.98741 117.60076 120.2141 122.82746 125.44081 128.05417 130.66751 133.28087 135.89421 138.50755 141.12091 143.73425 146.34763 148.96097 151.57431 154.18767 156.80101 159.41437 162.02771 164.64107 167.25441 169.86775 172.48111 175.09447 177.70782 180.32117 182.93452 185.54787 188.16121 190.77457 193.38791 196.00127 198.61462 201.22797 203.84132 206.45467 209.06802 211.68137 214.29472
57.493706 60.10705 62.720406 65.333755 67.947105 70.560455 73.17381 75.787155 78.400505 81.013855 83.627205 86.240555 88.85391 91.46726 94.080605 96.693954 99.30731 101.92066 104.53401 107.14736 109.760704 112.374054 114.98741 117.60076 120.2141 122.82746 125.44081 128.05417 130.66751 133.28087 135.89421 138.50755 141.12091 143.73425 146.34763 148.96097 151.57431 154.18767 156.80101 159.41437 162.02771 164.64107 167.25441 169.86775 172.48111 175.09447 177.70782 180.32117 182.93452 185.54787 188.16121 190.77457 193.38791 196.00127 198.61462 201.22797 203.84132 206.45467 209.06802 211.68137 214.29472
57.493706 60.10705 62.720406 65.333755 67.947105 70.560455 73.17381 75.787155 78.400505 81.013855 83.627205 86.240555 88.85391 91.46726 94.080605 96.693954 99.30731 101.92066 104.53401 107.14736 109.760704 112.374054 114.98741 117.60076 120.2141 122.82746 125.44081 128.05417 130.66751 133.28087 135.89421 138.50755 141.12091 143.73425 146.34763 148.96097 151.57431 154.18767 156.80101 159.41437 162.02771 164.64107 167.25441 169.86775 172.48111 175.09447 177.70782 180.32117 182.93452 185.54787 188.16121 190.77457 193.38791 196.00127 198.61462 201.22797 203.84132 206.45467 209.06802 211.68137 214.29472
57.493706 60.10705 62.720406 65.333755 67.947105 70.560455 73.17381 75.787155 78.400505 81.013855 83.627205 86.240555 88.85391 91.46726 94.080605 96.693954 99.30731 101.92066 104.53401 107.14736 109.760704 112.374054 114.98741 117.60076 120.2141 122.82746 125.44081 128.05417 130.66751 133.28087 135.89421 138.50755 141.12091 143.73425 146.34763 148.96097 151.57431 154.18767 156.80101 159.41437 162.02771 164.64107 167.25441 169.86775 172.48111 175.09447 177.70782 180.32117 182.93452 185.54787 188.16121 190.77457 193.38791 196.00127 198.61462 201.22797 203.84132 206.45467 209.06802 211.68137 214.29472
57.493706 60.10705 62.720406 65.333755 67.947105 70.560455 73.17381 75.787155 78.400505 81.013855 83.627205 86.240555 88.85391 91.46726 94.080605 96.693954 99.30731 101.92066 104.53401 107.14736 109.760704 112.374054 114.98741 117.60076 120.2141 122.82746 125.44081 128.05417 130.66751 133.28087 135.89421 138.50755 141.12091 143.73425 146.34763 148.96097 151.57431 154.18767 156.80101 159.41437 162.02771 164.64107 167.25441 169.86775 172.48111 175.09447 177.70782 180.32117 182.93452 185.54787 188.16121 190.77457 193.38791 196.00127 198.61462 201.22797 203.84132 206.45467 209.06802 211.68137 214.29472
57.493706 60.10705 62.720406 65.333755 67.947105 70.560455 73.17381 75.787155 78.400505 81.013855 83.627205 86.240555 88.85391 91.46726 94.080605 96.693954 99.30731 101.92066 104.53401 107.14736 109.760704 112.374054 114.98741 117.60076 120.2141 122.82746 125.44081 128.05417 130.66751 133.28087 135.89421 138.50755 141.12091 143.73425 146.34763 148.96097 151.57431 154.18767 156.80101 159.41437 162.02771 164.64107 167.25441 169.86775 172.48111 175.09447 177.70782 180.32117 182.93452 185.54787 188.16121 190.77457 193.38791 196.00127 198.61462 201.22797 203.84132 206.45467 209.06802 211.68137 214.29472
57.493706 60.10705 62.720406 65.333755 67.947105 70.560455 73.17381 75.787155 78.400505 81.013855 83.627205 86.240555 88.85391 91.46726 94.080605 96.693954 99.30731 101.92066 104.53401 107.14736 109.760704 112.374054 114.98741 117.60076 120.2141 122.82746 125.44081 128.05417 130.66751 133.28087 135.89421 138.50755 141.12091 143.73425 146.34763 148.96097 151.57431 154.18767 156.80101 159.41437 162.02771 164.64107 167.25441 169.86775 172.48111 175.09447 177.70782 180.32117 182.93452 185.54787 188.16121 190.77457 193.38791 196.00127 198.61462 201.22797 203.84132 206.45467 209.06802 211.68137 214.29472
57.493706 60.10705 62.720406 65.333755 67.947105 70.560455 73.17381 75.787155 78.400505 81.013855 83.627205 86.240555 88.85391 91.46726 94.080605 96.693954 99.30731 101.92066 104.53401 107.14736 109.760704 112.374054 114.98741 117.60076 120.2141 122.82746 125.44081 128.05417 130.66751 133.28087 135.89421 138.50755 141.12091 143.73425 146.34763 148.96097 151.57431 154.18767 156.80101 159.41437 162.02771 164.64107 167.25441 169.86775 172.48111 175.09447 177.70782 180.32117 182.93452 185.54787 188.16121 190.77457 193.38791 196.00127 198.61462 201.22797 203.84132 206.45467 209.06802 211.68137 214.29472
57.493706 60.10705 62.720406 65.333755 67.947105 70.560455 73.17381 75.787155 78.400505 81.013855 83.627205 86.240555 88.85391 91.46726 94.080605 96.693954 99.30731 101.92066 104.53401 107.14736 109.760704 112.374054 114.98741 117.60076 120.2141 122.82746 125.44081 128.05417 130.66751 133.28087 135.89421 138.50755 141.12091 143.73425 146.34763 148.96097 151.57431 154.18767 156.80101 159.41437 162.02771 164.64107 167.25441 169.86775 172.48111 175.09447 177.70782 180.32117 182.93452 185.54787 188.16121 190.77457 193.38791 196.00127 198.61462 201.22797 203.84132 206.45467 209.06802 211.68137 214.29472
57.493706 60.10705 62.720406 65.333755 67.947105 70.560455 73.17381 75.787155 78.400505 81.013855 83.627205 86.240555 88.85391 91.46726 94.080605 96.693954 99.30731 101.92066 104.53401 107.14736 109.760704 112.374054 114.98741 117.60076 120.2141 122.82746 125.44081 128.05417 130.66751 133.28087 135.89421 138.50755 141.12091 143.73425 146.34763 148.96097 151.57431 154.18767 156.80101 159.41437 162.02771 164.64107 167.25441 169.86775 172.48111 175.09447 177.70782 180.32117 182.93452 185.54787 188.16121 190.77457 193.38791 196.00127 198.61462 201.22797 203.84132 206.45467 209.06802 211.68137 214.29472
57.493706 60.10705 62.720406 65.333755 67.947105 70.560455 73.17381 75.787155 78.400505 81.013855 83.627205 86.240555 88.85391 91.46726 94.080605 96.693954 99.30731 101.92066 104.53401 107.14736 109.760704 112.374054 114.98741 117.60076 120.2141 122.82746 125.44081 128.05417 130.66751 133.28087 135.89421 138.50755 141.12091 143.73425 146.34763 148.96097 151.57431 154.18767 156.80101 159.41437 162.02771 164.64107 167.25441 169.86775 172.48111 175.09447 177.70782 180.32117 182.93452 185.54787 188.16121 190.77457 193.38791 196.00127 198.61462 201.22797 203.84132 206.45467 209.06802 211.68137 214.29472
57.493706 60.10705 62.720406 65.333755 67.947105 70.560455 73.17381 75.787155 78.400505 81.013855 83.627205 86.240555 88.85391 91.46726 94.080605 96.693954 99.30731 101.92066 104.53401 107.14736 109.760704 112.374054 114.98741 117.60076 120.2141 122.82746 125.44081 128.05417 130.66751 133.28087 135.89421 138.50755 141.12091 143.73425 146.34763 148.96097 151.57431 154.18767 156.80101 159.41437 162.02771 164.64107 167.25441 169.86775 172.48111 175.09447 177.70782 180.32117 182.93452 185.54787 188.16121 190.77457 193.38791 196.00127 198.61462 201.22797 203.84132 206.45467 209.06802 211.68137 214.29472
57.493706 60.10705 62.720406 65.333755 67.947105 70.560455 73.17381 75.787155 78.400505 81.013855 83.627205 86.240555 88.85391 91.46726 94.080605 96.693954 99.30731 101.92066 104.53401 107.14736 109.760704 112.374054 114.98741 117.60076 120.2141 122.82746 125.44081 128.05417 130.66751 133.28087 135.89421 138.50755 141.12091 143.73425 146.34763 148.96097 151.57431 154.18767 156.80101 159.41437 162.02771 164.64107 167.25441 169.86775 172.48111 175.09447 177.70782 180.32117 182.93452 185.54787 188.16121 190.77457 193.38791 196.00127 198.61462 201.22797 203.84132 206.45467 209.06802 211.68137 214.29472
57.493706 60.10705 62.720406 65.333755 67.947105 70.560455 73.17381 75.787155 78.400505 81.013855 83.627205 86.240555 88.85391 91.46726 94.080605 96.693954 99.30731 101.92066 104.53401 107.14736 109.760704 112.374054 114.98741 117.60076 120.2141 122.82746 125.44081 128.05417 130.66751 133.28087 135.89421 138.50755 141.12091 143.73425 146.34763 148.96097 151.57431 154.18767 156.80101 159.41437 162.02771 164.64107 167.25441 169.86775 172.48111 175.09447 177.70782 180.32117 182.93452 185.54787 188.16121 190.77457 193.38791 196.00127 198.61462 201.22797 203.84132 206.45467 209.06802 211.68137 214.29472
57.493706 60.10705 62.720406 65.333755 67.947105 70.560455 73.17381 75.787155 78.400505 81.013855 83.627205 86.240555 88.85391 91.46726 94.080605 96.693954 99.30731 101.92066 104.53401 107.14736 109.760704 112.374054 114.98741 117.60076 120.2141 122.82746 125.44081 128.05417 130.66751 133.28087 135.89421 138.50755 141.12091 143.73425 146.34763 148.96097 151.57431 154.18767 156.80101 159.41437 162.02771 164.64107 167.25441 169.86775 172.48111 175.09447 177.70782 180.32117 182.93452 185.54787 188.16121 190.77457 193.38791 196.00127 198.61462 201.22797 203.84132 206.45467 209.06802 211.68137 214.29472
57.493706 60.10705 62.720406 65.333755 67.947105 70.560455 73.17381 75.787155 78.400505 81.013855 83.627205 86.240555 88.85391 91.46726 94.080605 96.693954 99.30731 101.92066 104.53401 107.14736 109.760704 112.374054 114.98741 117.60076 120.2141 122.82746 125.44081 128.05417 130.66751 133.28087 135.89421 138.50755 141.12091 143.73425 146.34763 148.96097 151.57431 154.18767 156.80101 159.41437 162.02771 164.64107 167.25441 169.86775 172.48111 175.09447 177.70782 180.32117 182.93452 185.54787 188.16121 190.77457 193.38791 196.00127 198.61462 201.22797 203.84132 206.45467 209.06802 211.68137 214.29472
57.493706 60.10705 62.720406 65.333755 67.947105 70.560455 73.17381 75.787155 78.400505 81.013855 83.627205 86.240555 88.85391 91.46726 94.080605 96.693954 99.30731 101.92066 104.53401 107.14736 109.760704 112.374054 114.98741 117.60076 120.2141 122.82746 125.44081 128.05417 130.66751 133.28087 135.89421 138.50755 141.12091 143.73425 146.34763 148.96097 151.57431 154.18767 156.80101 159.41437 162.02771 164.64107 167.25441 169.86775 172.48111 175.09447 177.70782 180.32117 182.93452 185.54787 188.16121 190.77457 193.38791 196.00127 198.61462 201.22797 203.84132 206.45467 209.06802 211.68137 214.29472
57.493706 60.10705 62.720406 65.333755 67.947105 70.560455 73.17381 75.787155 78.400505 81.013855 83.627205 86.240555 88.85391 91.46726 94.080605 96.693954 99.30731 101.92066 104.53401 107.14736 109.760704 112.374054 114.98741 117.60076 120.2141 122.82746 125.44081 128.05417 130.66751 133.28087 135.89421 138.50755 141.12091 143.73425 146.34763 148.96097 151.57431 154.18767 156.80101 159.41437 162.02771 164.64107 167.25441 169.86775 172.48111 175.09447 177.70782 180.32117 182.93452 185.54787 188.16121 190.77457 193.38791 196.00127 198.61462 201.22797 203.84132 206.45467 209.06802 211.68137 214.29472
57.493706 60.10705 62.720406 65.333755 67.947105 70.560455 73.17381 75.787155 78.400505 81.013855 83.627205 86.240555 88.85391 91.46726 94.080605 96.693954 99.30731 101.92066 104.53401 107.14736 109.760704 112.374054 114.98741 117.60076 120.2141 122.82746 125.44081 128.05417 130.66751 133.28087 135.89421 138.50755 141.12091 143.73425 146.34763 148.96097 151.57431 154.18767 156.80101 159.41437 162.02771 164.64107 167.25441 169.86775 172.48111 175.09447 177.70782 180.32117 182.93452 185.54787 188.16121 190.77457 193.38791 196.00127 198.61462 201.22797 203.84132 206.45467 209.06802 211.68137 214.29472
57.493706 60.10705 62.720406 65.333755 67.947105 70.560455 73.17381 75.787155 78.400505 81.013855 83.627205 86.240555 88.85391 91.46726 94.080605 96.693954 99.30731 101.92066 104.53401 107.14736 109.760704 112.374054 114.98741 117.60076 120.2141 122.82746 125.44081 128.05417 130.66751 133.28087 135.89421 138.50755 141.12091 143.73425 146.34763 148.96097 151.57431 154.18767 156.80101 159.41437 162.02771 164.64107 167.25441 169.86775 172.48111 175.09447 177.70782 180.32117 182.93452 185.54787 188.16121 190.77457 193.38791 196.00127 198.61462 201.22797 203.84132 206.45467 209.06802 211.68137 214.29472
57.493706 60.10705 62.720406 65.333755 67.947105 70.560455 73.17381 75.787155 78.400505 81.013855 83.627205 86.240555 88.85391 91.46726 94.080605 96.693954 99.30731 101.92066 104.53401 107.14736 109.760704 112.374054 114.98741 117.60076 120.2141 122.82746 125.44081 128.05417 130.66751 133.28087 135.89421 138.50755 141.12091 143.73425 146.34763 148.96097 151.57431 154.18767 156.80101 159.41437 162.02771 164.64107 167.25441 169.86775 172.48111 175.09447 177.70782 180.32117 182.93452 185.54787 188.16121 190.77457 193.38791 196.00127 198.61462 201.22797 203.84132 206.45467 209.06802 211.68137 214.29472
57.493706 60.10705 62.720406 65.333755 67.947105 70.560455 73.17381 75.787155 78.400505 81.013855 83.627205 86.240555 88.85391 91.46726 94.080605 96.693954 99.30731 101.92066 104.53401 107.14736 109.760704 112.374054 114.98741 117.60076 120.2141 122.82746 125.44081 128.05417 130.66751 133.28087 135.89421 138.50755 141.12091 143.73425 146.34763 148.96097 151.57431 154.18767 156.80101 159.41437 162.02771 164.64107 167.25441 169.86775 172.48111 175.09447 177.70782 180.32117 182.93452 185.54787 188.16121 190.77457 193.38791 196.00127 198.61462 201.22797 203.84132 206.45467 209.06802 211.68137 214.29472
57.493706 60.10705 62.720406 65.333755 67.947105 70.560455 73.17381 75.787155 78.400505 81.013855 83.627205 86.240555 88.85391 91.46726 94.080605 96.693954 99.30731 101.92066 104.53401 107.14736 109.760704 112.374054 114.98741 117.60076 120.2141 122.82746 125.44081 128.05417 130.66751 133.28087 135.89421 138.50755 141.12091 143.73425 146.34763 148.96097 151.57431 154.18767 156.80101 159.41437 162.02771 164.64107 167.25441 169.86775 172.48111 175.09447 177.70782 180.32117 182.93452 185.54787 188.16121 190.77457 193.38791 196.00127 198.61462 201.22797 203.84132 206.45467 209.06802 211.68137 214.29472
