InputFiles/elevation.asc
ncols         200
nrows         200
xllcorner     0
yllcorner     0
cellsize      30
NODATA_value  -9999 
[rows 81 to 107 of 200, columns 61 to 121 of 200]
302.66827 294.90756 287.14682 279.3861 271.62537 263.86465 256.1039 248.3432 240.58247 232.82175 225.06102 217.3003 209.53958 201.77885 194.01813 186.2574 178.49667 170.73595 162.97522 155.21451 147.45378 139.69305 131.93233 124.1716 116.41087 108.65015 100.88943 93.1287 85.36797 77.607254 69.84653 62.0858 54.325073 46.56435 38.803627 31.0429 23.282175 15.52145 7.760725 0 2.6133502 5.2267003 7.8400507 10.453401 13.0667515 15.680101 18.293453 20.906801 23.520151 26.133503 28.746853 31.360203 33.973553 36.586906 39.200253 41.813602 44.426956 47.040302 49.653656 52.267006 54.880352
302.66827 294.90756 287.14682 279.3861 271.62537 263.86465 256.1039 248.3432 240.58247 232.82175 225.06102 217.3003 209.53958 201.77885 194.01813 186.2574 178.49667 170.73595 162.97522 155.21451 147.45378 139.69305 131.93233 124.1716 116.41087 108.65015 100.88943 93.1287 85.36797 77.607254 69.84653 62.0858 54.325073 46.56435 38.803627 31.0429 23.282175 15.52145 7.760725 0 2.6133502 5.2267003 7.8400507 10.453401 13.0667515 15.680101 18.293453 20.906801 23.520151 26.133503 28.746853 31.360203 33.973553 36.586906 39.200253 41.813602 44.426956 47.040302 49.653656 52.267006 54.880352
302.66827 294.90756 287.14682 279.3861 271.62537 263.86465 256.1039 248.3432 240.58247 232.82175 225.06102 217.3003 209.53958 201.77885 194.01813 186.2574 178.49667 170.73595 162.97522 155.21451 147.45378 139.69305 131.93233 124.1716 116.41087 108.65015 100.88943 93.1287 85.36797 77.607254 69.84653 62.0858 54.325073 46.56435 38.803627 31.0429 23.282175 15.52145 7.760725 0 2.6133502 5.2267003 7.8400507 10.453401 13.0667515 15.680101 18.293453 20.906801 23.520151 26.133503 28.746853 31.360203 33.973553 36.586906 39.200253 41.813602 44.426956 47.040302 49.653656 52.267006 54.880352
302.66827 294.90756 287.14682 279.3861 271.62537 263.86465 256.1039 248.3432 240.58247 232.82175 225.06102 217.3003 209.53958 201.77885 194.01813 186.2574 178.49667 170.73595 162.97522 155.21451 147.45378 139.69305 131.93233 124.1716 116.41087 108.65015 100.88943 93.1287 85.36797 77.607254 69.84653 62.0858 54.325073 46.56435 38.803627 31.0429 23.282175 15.52145 7.760725 0 2.6133502 5.2267003 7.8400507 10.453401 13.0667515 15.680101 18.293453 20.906801 23.520151 26.133503 28.746853 31.360203 33.973553 36.586906 39.200253 41.813602 44.426956 47.040302 49.653656 52.267006 54.880352
302.66827 294.90756 287.14682 279.3861 271.62537 263.86465 256.1039 248.3432 240.58247 232.82175 225.06102 217.3003 209.53958 201.77885 194.01813 186.2574 178.49667 170.73595 162.97522 155.21451 147.45378 139.69305 131.93233 124.1716 116.41087 108.65015 100.88943 93.1287 85.36797 77.607254 69.84653 62.0858 54.325073 46.56435 38.803627 31.0429 23.282175 15.52145 7.760725 0 2.6133502 5.2267003 7.8400507 10.453401 13.0667515 15.680101 18.293453 20.906801 23.520151 26.133503 28.746853 31.360203 33.973553 36.586906 39.200253 41.813602 44.426956 47.040302 49.653656 52.267006 54.880352
302.66827 294.90756 287.14682 279.3861 271.62537 263.86465 256.1039 248.3432 240.58247 232.82175 225.06102 217.3003 209.53958 201.77885 194.01813 186.2574 178.49667 170.73595 162.97522 155.21451 147.45378 139.69305 131.93233 124.1716 116.41087 108.65015 100.88943 93.1287 85.36797 77.607254 69.84653 62.0858 54.325073 46.56435 38.803627 31.0429 23.282175 15.52145 7.760725 0 2.6133502 5.2267003 7.8400507 10.453401 13.0667515 15.680101 18.293453 20.906801 23.520151 26.133503 28.746853 31.360203 33.973553 36.586906 39.200253 41.813602 44.426956 47.040302 49.653656 52.267006 54.880352
302.66827 294.90756 287.14682 279.3861 271.62537 263.86465 256.1039 248.3432 240.58247 232.82175 225.06102 217.3003 209.53958 201.77885 194.01813 186.2574 178.49667 170.73595 162.97522 155.21451 147.45378 139.69305 131.93233 124.1716 116.41087 108.65015 100.88943 93.1287 85.36797 77.607254 69.84653 62.0858 54.325073 46.56435 38.803627 31.0429 23.282175 15.52145 7.760725 0 2.6133502 5.2267003 7.8400507 10.453401 13.0667515 15.680101 18.293453 20.906801 23.520151 26.133503 28.746853 31.360203 33.973553 36.586906 39.200253 41.813602 44.426956 47.040302 49.653656 52.267006 54.880352
302.66827 294.90756 287.14682 279.3861 271.62537 263.86465 256.1039 248.3432 240.58247 232.82175 225.06102 217.3003 209.53958 201.77885 194.01813 186.2574 178.49667 170.73595 162.97522 155.21451 147.45378 139.69305 131.93233 124.1716 116.41087 108.65015 100.88943 93.1287 85.36797 77.607254 69.84653 62.0858 54.325073 46.56435 38.803627 31.0429 23.282175 15.52145 7.760725 0 2.6133502 5.2267003 7.8400507 10.453401 13.0667515 15.680101 18.293453 20.906801 23.520151 26.133503 28.746853 31.360203 33.973553 36.586906 39.200253 41.813602 44.426956 47.040302 49.653656 52.267006 54.880352
302.66827 294.90756 287.14682 279.3861 271.62537 263.86465 256.1039 248.3432 240.58247 232.82175 225.06102 217.3003 209.53958 201.77885 194.01813 186.2574 178.49667 170.73595 162.97522 155.21451 147.45378 139.69305 131.93233 124.1716 116.41087 108.65015 100.88943 93.1287 85.36797 77.607254 69.84653 62.0858 54.325073 46.56435 38.803627 31.0429 23.282175 15.52145 7.760725 0 2.6133502 5.2267003 7.8400507 10.453401 13.0667515 15.680101 18.293453 20.906801 23.520151 26.133503 28.746853 31.360203 33.973553 36.586906 39.200253 41.813602 44.426956 47.040302 49.653656 52.267006 54.880352
302.66827 294.90756 287.14682 279.3861 271.62537 263.86465 256.1039 248.3432 240.58247 232.82175 225.06102 217.3003 209.53958 201.77885 194.01813 186.2574 178.49667 170.73595 162.97522 155.21451 147.45378 139.69305 131.93233 124.1716 116.41087 108.65015 100.88943 93.1287 85.36797 77.607254 69.84653 62.0858 54.325073 46.56435 38.803627 31.0429 23.282175 15.52145 7.760725 0 2.6133502 5.2267003 7.8400507 10.453401 13.0667515 15.680101 18.293453 20.906801 23.520151 26.133503 28.746853 31.360203 33.973553 36.586906 39.200253 41.813602 44.426956 47.040302 49.653656 52.267006 54.880352
302.66827 294.90756 287.14682 279.3861 271.62537 263.86465 256.1039 248.3432 240.58247 232.82175 225.06102 217.3003 209.53958 201.77885 194.01813 186.2574 178.49667 170.73595 162.97522 155.21451 147.45378 139.69305 131.93233 124.1716 116.41087 108.65015 100.88943 93.1287 85.36797 77.607254 69.84653 62.0858 54.325073 46.56435 38.803627 31.0429 23.282175 15.52145 7.760725 0 2.6133502 5.2267003 7.8400507 10.453401 13.0667515 15.680101 18.293453 20.906801 23.520151 26.133503 28.746853 31.360203 33.973553 36.586906 39.200253 41.813602 44.426956 47.040302 49.653656 52.267006 54.880352
302.66827 294.90756 287.14682 279.3861 271.62537 263.86465 256.1039 248.3432 240.58247 232.82175 225.06102 217.3003 209.53958 201.77885 194.01813 186.2574 178.49667 170.73595 162.97522 155.21451 147.45378 139.69305 131.93233 124.1716 116.41087 108.65015 100.88943 93.1287 85.36797 77.607254 69.84653 62.0858 54.325073 46.56435 38.803627 31.0429 23.282175 15.52145 7.760725 0 2.6133502 5.2267003 7.8400507 10.453401 13.0667515 15.680101 18.293453 20.906801 23.520151 26.133503 28.746853 31.360203 33.973553 36.586906 39.200253 41.813602 44.426956 47.040302 49.653656 52.267006 54.880352
302.66827 294.90756 287.14682 279.3861 271.62537 263.86465 256.1039 248.3432 240.58247 232.82175 225.06102 217.3003 209.53958 201.77885 194.01813 186.2574 178.49667 170.73595 162.97522 155.21451 147.45378 139.69305 131.93233 124.1716 116.41087 108.65015 100.88943 93.1287 85.36797 77.607254 69.84653 62.0858 54.325073 46.56435 38.803627 31.0429 23.282175 15.52145 7.760725 0 2.6133502 5.2267003 7.8400507 10.453401 13.0667515 15.680101 18.293453 20.906801 23.520151 26.133503 28.746853 31.360203 33.973553 36.586906 39.200253 41.813602 44.426956 47.040302 49.653656 52.267006 54.880352
302.66827 294.90756 287.14682 279.3861 271.62537 263.86465 256.1039 248.3432 240.58247 232.82175 225.06102 217.3003 209.53958 201.77885 194.01813 186.2574 178.49667 170.73595 162.97522 155.21451 147.45378 139.69305 131.93233 124.1716 116.41087 108.65015 100.88943 93.1287 85.36797 77.607254 69.84653 62.0858 54.325073 46.56435 38.803627 31.0429 23.282175 15.52145 7.760725 0 2.6133502 5.2267003 7.8400507 10.453401 13.0667515 15.680101 18.293453 20.906801 23.520151 26.133503 28.746853 31.360203 33.973553 36.586906 39.200253 41.813602 44.426956 47.040302 49.653656 52.267006 54.880352
302.66827 294.90756 287.14682 279.3861 271.62537 263.86465 256.1039 248.3432 240.58247 232.82175 225.06102 217.3003 209.53958 201.77885 194.01813 186.2574 178.49667 170.73595 162.97522 155.21451 147.45378 139.69305 131.93233 124.1716 116.41087 108.65015 100.88943 93.1287 85.36797 77.607254 69.84653 62.0858 54.325073 46.56435 38.803627 31.0429 23.282175 15.52145 7.760725 0 2.6133502 5.2267003 7.8400507 10.453401 13.0667515 15.680101 18.293453 20.906801 23.520151 26.133503 28.746853 31.360203 33.973553 36.586906 39.200253 41.813602 44.426956 47.040302 49.653656 52.267006 54.880352
302.66827 294.90756 287.14682 279.3861 271.62537 263.86465 256.1039 248.3432 240.58247 232.82175 225.06102 217.3003 209.53958 201.77885 194.01813 186.2574 178.49667 170.73595 162.97522 155.21451 147.45378 139.69305 131.93233 124.1716 116.41087 108.65015 100.88943 93.1287 85.36797 77.607254 69.84653 62.0858 54.325073 46.56435 38.803627 31.0429 23.282175 15.52145 7.760725 0 2.6133502 5.2267003 7.8400507 10.453401 13.0667515 15.680101 18.293453 20.906801 23.520151 26.133503 28.746853 31.360203 33.973553 36.586906 39.200253 41.813602 44.426956 47.040302 49.653656 52.267006 54.880352
302.66827 294.90756 287.14682 279.3861 271.62537 263.86465 256.1039 248.3432 240.58247 232.82175 225.06102 217.3003 209.53958 201.77885 194.01813 186.2574 178.49667 170.73595 162.97522 155.21451 147.45378 139.69305 131.93233 124.1716 116.41087 108.65015 100.88943 93.1287 85.36797 77.607254 69.84653 62.0858 54.325073 46.56435 38.803627 31.0429 23.282175 15.52145 7.760725 0 2.6133502 5.2267003 7.8400507 10.453401 13.0667515 15.680101 18.293453 20.906801 23.520151 26.133503 28.746853 31.360203 33.973553 36.586906 39.200253 41.813602 44.426956 47.040302 49.653656 52.267006 54.880352
302.66827 294.90756 287.14682 279.3861 271.62537 263.86465 256.1039 248.3432 240.58247 232.82175 225.06102 217.3003 209.53958 201.77885 194.01813 186.2574 178.49667 170.73595 162.97522 155.21451 147.45378 139.69305 131.93233 124.1716 116.41087 108.65015 100.88943 93.1287 85.36797 77.607254 69.84653 62.0858 54.325073 46.56435 38.803627 31.0429 23.282175 15.52145 7.760725 0 2.6133502 5.2267003 7.8400507 10.453401 13.0667515 15.680101 18.293453 20.906801 23.520151 26.133503 28.746853 31.360203 33.973553 36.586906 39.200253 41.813602 44.426956 47.040302 49.653656 52.267006 54.880352
302.66827 294.90756 287.14682 279.3861 271.62537 263.86465 256.1039 248.3432 240.58247 232.82175 225.06102 217.3003 209.53958 201.77885 194.01813 186.2574 178.49667 170.73595 162.97522 155.21451 147.45378 139.69305 131.93233 124.1716 116.41087 108.65015 100.88943 93.1287 85.36797 77.607254 69.84653 62.0858 54.325073 46.56435 38.803627 31.0429 23.282175 15.52145 7.760725 0 2.6133502 5.2267003 7.8400507 10.453401 13.0667515 15.680101 18.293453 20.906801 23.520151 26.133503 28.746853 31.360203 33.973553 36.586906 39.200253 41.813602 44.426956 47.040302 49.653656 52.267006 54.880352
302.66827 294.90756 287.14682 279.3861 271.62537 263.86465 256.1039 248.3432 240.58247 232.82175 225.06102 217.3003 209.53958 201.77885 194.01813 186.2574 178.49667 170.73595 162.97522 155.21451 147.45378 139.69305 131.93233 124.1716 116.41087 108.65015 100.88943 93.1287 85.36797 77.607254 69.84653 62.0858 54.325073 46.56435 38.803627 31.0429 23.282175 15.52145 7.760725 0 2.6133502 5.2267003 7.8400507 10.453401 13.0667515 15.680101 18.293453 20.906801 23.520151 26.133503 28.746853 31.360203 33.973553 36.586906 39.200253 41.813602 44.426956 47.040302 49.653656 52.267006 54.880352
302.66827 294.90756 287.14682 279.3861 271.62537 263.86465 256.1039 248.3432 240.58247 232.82175 225.06102 217.3003 209.53958 201.77885 194.01813 186.2574 178.49667 170.73595 162.97522 155.21451 147.45378 139.69305 131.93233 124.1716 116.41087 108.65015 100.88943 93.1287 85.36797 77.607254 69.84653 62.0858 54.325073 46.56435 38.803627 31.0429 23.282175 15.52145 7.760725 0 2.6133502 5.2267003 7.8400507 10.453401 13.0667515 15.680101 18.293453 20.906801 23.520151 26.133503 28.746853 31.360203 33.973553 36.586906 39.200253 41.813602 44.426956 47.040302 49.653656 52.267006 54.880352
302.66827 294.90756 287.14682 279.3861 271.62537 263.86465 256.1039 248.3432 240.58247 232.82175 225.06102 217.3003 209.53958 201.77885 194.01813 186.2574 178.49667 170.73595 162.97522 155.21451 147.45378 139.69305 131.93233 124.1716 116.41087 108.65015 100.88943 93.1287 85.36797 77.607254 69.84653 62.0858 54.325073 46.56435 38.803627 31.0429 23.282175 15.52145 7.760725 0 2.6133502 5.2267003 7.8400507 10.453401 13.0667515 15.680101 18.293453 20.906801 23.520151 26.133503 28.746853 31.360203 33.973553 36.586906 39.200253 41.813602 44.426956 47.040302 49.653656 52.267006 54.880352
302.66827 294.90756 287.14682 279.3861 271.62537 263.86465 256.1039 248.3432 240.58247 232.82175 225.06102 217.3003 209.53958 201.77885 194.01813 186.2574 178.49667 170.73595 162.97522 155.21451 147.45378 139.69305 131.93233 124.1716 116.41087 108.65015 100.88943 93.1287 85.36797 77.607254 69.84653 62.0858 54.325073 46.56435 38.803627 31.0429 23.282175 15.52145 7.760725 0 2.6133502 5.2267003 7.8400507 10.453401 13.0667515 15.680101 18.293453 20.906801 23.520151 26.133503 28.746853 31.360203 33.973553 36.586906 39.200253 41.813602 44.426956 47.040302 49.653656 52.267006 54.880352
302.66827 294.90756 287.14682 279.3861 271.62537 263.86465 256.1039 248.3432 240.58247 232.82175 225.06102 217.3003 209.53958 201.77885 194.01813 186.2574 178.49667 170.73595 162.97522 155.21451 147.45378 139.69305 131.93233 124.1716 116.41087 108.65015 100.88943 93.1287 85.36797 77.607254 69.84653 62.0858 54.325073 46.56435 38.803627 31.0429 23.282175 15.52145 7.760725 0 2.6133502 5.2267003 7.8400507 10.453401 13.0667515 15.680101 18.293453 20.906801 23.520151 26.133503 28.746853 31.360203 33.973553 36.586906 39.200253 41.813602 44.426956 47.040302 49.653656 52.267006 54.880352
302.66827 294.90756 287.14682 279.3861 271.62537 263.86465 256.1039 248.3432 240.58247 232.82175 225.06102 217.3003 209.53958 201.77885 194.01813 186.2574 178.49667 170.73595 162.97522 155.21451 147.45378 139.69305 131.93233 124.1716 116.41087 108.65015 100.88943 93.1287 85.36797 77.607254 69.84653 62.0858 54.325073 46.56435 38.803627 31.0429 23.282175 15.52145 7.760725 0 2.6133502 5.2267003 7.8400507 10.453401 13.0667515 15.680101 18.293453 20.906801 23.520151 26.133503 28.746853 31.360203 33.973553 36.586906 39.200253 41.813602 44.426956 47.040302 49.653656 52.267006 54.880352
302.66827 294.90756 287.14682 279.3861 271.62537 263.86465 256.1039 248.3432 240.58247 232.82175 225.06102 217.3003 209.53958 201.77885 194.01813 186.2574 178.49667 170.73595 162.97522 155.21451 147.45378 139.69305 131.93233 124.1716 116.41087 108.65015 100.88943 93.1287 85.36797 77.607254 69.84653 62.0858 54.325073 46.56435 38.803627 31.0429 23.282175 15.52145 7.760725 0 2.6133502 5.2267003 7.8400507 10.453401 13.0667515 15.680101 18.293453 20.906801 23.520151 26.133503 28.746853 31.360203 33.973553 36.586906 39.200253 41.813602 44.426956 47.040302 49.653656 52.267006 54.880352
302.66827 294.90756 287.14682 279.3861 271.62537 263.86465 256.1039 248.3432 240.58247 232.82175 225.06102 217.3003 209.53958 201.77885 194.01813 186.2574 178.49667 170.73595 162.97522 155.21451 147.45378 139.69305 131.93233 124.1716 116.41087 108.65015 100.88943 93.1287 85.36797 77.607254 69.84653 62.0858 54.325073 46.56435 38.803627 31.0429 23.282175 15.52145 7.760725 0 2.6133502 5.2267003 7.8400507 10.453401 13.0667515 15.680101 18.293453 20.906801 23.520151 26.133503 28.746853 31.360203 33.973553 36.586906 39.200253 41.813602 44.426956 47.040302 49.653656 52.267006 54.880352
